TaskID	Genre	Detail	Particular	ItemNum	MapIndex	TaskValueBase	TaskValueExt	TaskContribute	TaskRate1	TaskRate2	TaskRate3	TaskRate4	TaskRate5	TaskRate6	TaskRate7	TaskRate8	TaskRate9	TaskRate10	TaskRate11	TaskRate12	TaskRate13	TaskRate14	TaskRate15	TaskRate16	TaskRate17	TaskRate18	TaskRate19	TaskRate20	TaskInfoA	TaskInfoB	TaskInfoC	TaskInfoD
40010001	0	2	14	5		40	58	2	1700	1700	1700	0	0	0	0	0	0	0	0	0	0	0	0	0	0	0	0	0	HiÖp ThiÕu kiÕm	5 HiÖp ThiÕu KiÕm	TiÖm vò khÝ	
40010002	0	5	27	5		40	58	2	1700	1700	1700	0	0	0	0	0	0	0	0	0	0	0	0	0	0	0	0	0	HiÖp ThiÕu c«n	5 HiÖp ThiÕu C«n	TiÖm vò khÝ	
40020001	0	1	40	5		40	58	4	1650	1650	1650	0	0	0	0	0	0	0	0	0	0	0	0	0	0	0	0	0	HiÖp ThiÕu ¸m KhÝ	5 HiÖp ThiÕu ¸m KhÝ	TiÖm vò khÝ	
40020002	0	100	1	5		40	58	4	1650	1650	1650	0	0	0	0	0	0	0	0	0	0	0	0	0	0	0	0	0	HiÖp ThiÕu bè y	5 HiÖp ThiÕu Bè Y	TiÖm Nam phôc	
40020003	0	100	19	5		40	58	4	1650	1650	1650	0	0	0	0	0	0	0	0	0	0	0	0	0	0	0	0	0	HiÖp ThiÕu y	5 HiÖp ThiÕu Y	TiÖm Nam phôc	
40020004	0	100	55	5		40	58	4	1650	1650	1650	0	0	0	0	0	0	0	0	0	0	0	0	0	0	0	0	0	Vò Th­êng	5 Vò Th­êng	TiÖm N÷ phôc	
40020005	2	3	6	10		20	233	6	0	0	0	1000	600	600	0	0	0	0	0	0	0	0	0	0	0	0	0	0	C¬ quan	10 C¬ Quan	§­êng M«n	
40020006	2	3	4	10		50	233	6	0	0	0	1000	600	600	0	0	0	0	0	0	0	0	0	0	0	0	0	0	Thiªn PhËt Ch©u	10 Thiªn PhËt Ch©u	ThiÕu L©m	
40020007	2	3	12	10		50	233	6	0	0	0	1000	600	600	0	0	0	0	0	0	0	0	0	0	0	0	0	0	Ph¸ Ma Chó	10 Ph¸ Ma Chó	ThiÕu L©m	
40020008	0	101	1	1		74	90	6	0	0	0	1000	600	600	0	0	0	0	0	0	0	0	0	0	0	0	0	0	HiÖp ThiÕu Bè Trang	1 HiÖp ThiÕu Bè Trang	TiÖm Nam phôc	
40030001	0	103	1	1		57	90	6	0	0	0	1000	600	600	0	0	0	0	0	0	0	0	0	0	0	0	0	0	ThiÕu HiÖp C©n	1 ThiÕu HiÖp C©n	TiÖm Nam phôc	
40030002	0	103	19	1		57	90	6	0	0	0	1000	600	600	0	0	0	0	0	0	0	0	0	0	0	0	0	0	HiÖp ThiÕu bè c©n	1 HiÖp ThiÕu §Çu §¸i	TiÖm Nam phôc	
40030003	0	103	37	1		57	90	8	0	0	0	1000	600	600	0	0	0	0	0	0	0	0	0	0	0	0	0	0	§µo Méc Tr©m	1 §µo Méc Ph¸t Tr©m	TiÖm N÷ phôc	
40030004	0	103	55	1		57	90	8	0	0	0	1000	600	600	0	0	0	0	0	0	0	0	0	0	0	0	0	0	§µo Méc thoa	1 §µo Méc Tr©m	TiÖm N÷ phôc	
40030005	0	101	37	1		74	90	8	0	0	0	1000	600	600	0	0	0	0	0	0	0	0	0	0	0	0	0	0	Th¸i Tó Trang	1 Th¸i Tó Trang	TiÖm N÷ phôc	
40030006	0	101	55	1		74	90	8	0	0	0	1000	600	600	0	0	0	0	0	0	0	0	0	0	0	0	0	0	ThiÓn Th¶o Tó Trang	1 Tiªn Th¶o Tó Trang	TiÖm N÷ phôc
40030008	0	0	2	1		361	120	8	0	0	0	0	650	650	200	200	0	0	0	0	0	0	0	0	0	0	0	0	Tr¹m Ng©n Hé UyÓn	1 Tr¹m Ng©n Hé UyÓn	TiÖm vò khÝ
40030009	0	2	15	1		343	120	8	0	0	0	0	650	650	200	200	0	0	0	0	0	0	0	0	0	0	0	0	Tïng V¨n kiÕm	1 Tïng V¨n KiÕm	TiÖm vò khÝ
40030010	0	5	28	1		357	120	8	0	0	0	0	650	650	200	200	0	0	0	0	0	0	0	0	0	0	0	0	TÒ Mi c«n	1 TÒ Mi C«n	TiÖm vò khÝ
40030011	0	1	41	1		338	120	10	0	0	0	0	650	650	200	200	0	0	0	0	0	0	0	0	0	0	0	0	Ngò Quang th¹ch	1 Ngò Quang Th¹ch	TiÖm vò khÝ
40040001	0	100	2	1		230	120	10	0	0	0	0	700	700	200	200	0	0	0	0	0	0	0	0	0	0	0	0	H¾c T¹o bè y	1 H¾c T¹o Bè Y	TiÖm Nam phôc
40040002	0	100	20	1		230	120	10	0	0	0	0	700	700	200	200	0	0	0	0	0	0	0	0	0	0	0	0	ThiÕt Hé Kiªn	1 ThiÕt Hé Kiªn	TiÖm Nam phôc
40040003	0	103	2	1		652	160	10	0	0	0	0	0	0	200	200	0	0	0	0	0	0	0	0	0	0	0	0	Phong Vò C©n	1 Phong Vò C©n	TiÖm Nam phôc
40040004	0	103	20	1		652	160	10	0	0	0	0	0	0	200	200	0	0	0	0	0	0	0	0	0	0	0	0	H¾c CÈm bè c©n	1 H¾c T¹o §Çu §¸i	TiÖm Nam phôc
40040005	0	100	38	1		230	160	10	0	0	0	0	0	0	200	200	0	0	0	0	0	0	0	0	0	0	0	0	Tö L¨ng Th­êng 	1 Tö L¨ng Th­êng 	TiÖm N÷ phôc
40040006	0	100	56	1		230	160	10	0	0	0	0	0	0	200	200	0	0	0	0	0	0	0	0	0	0	0	0	Hång V©n Th­êng	1 Hång V©n Th­êng	TiÖm N÷ phôc
40040007	0	103	38	1		652	160	10	0	0	0	0	0	0	200	200	0	0	0	0	0	0	0	0	0	0	0	0	Th¸i Méc Tr©m	1 Th¸i Méc tr©m	TiÖm N÷ phôc
40050001	0	103	56	1		652	160	10	0	0	0	0	0	0	200	200	0	0	0	0	0	0	0	0	0	0	0	0	Th¸i V¨n Méc tr©m	1 Th¸i V¨n Méc tr©m	TiÖm N÷ phôc
40050002	0	200	11	5		500	160	10	0	0	0	0	0	0	200	200	0	0	0	0	0	0	0	0	0	0	0	0	Cuèc chim	5 Cuèc chim	T¹p hãa
40050003	0	200	12	5		500	160	10	0	0	0	0	0	0	200	200	0	0	0	0	0	0	0	0	0	0	0	0	ChÕ B× ®ao	5 ChÕ B× §ao	T¹p hãa
40050004	0	200	13	5		500	160	10	0	0	0	0	0	0	200	200	0	0	0	0	0	0	0	0	0	0	0	0	Cuèc	5 Cuèc	T¹p hãa
40050005	0	200	14	5		500	160	10	0	0	0	0	0	0	200	200	0	0	0	0	0	0	0	0	0	0	0	0	ThiÕt phñ	5 ThiÕt phñ	T¹p hãa
40050006	0	200	15	5		500	160	10	0	0	0	0	0	0	200	200	0	0	0	0	0	0	0	0	0	0	0	0	Con thoi	5 Con thoi	T¹p hãa
40050007	0	200	16	5		500	160	10	0	0	0	0	0	0	200	200	0	0	0	0	0	0	0	0	0	0	0	0	Cuèc thuèc	5 Cuèc thuèc	T¹p hãa
40070003	0	0	3	2		2262	160	14	0	0	0	0	0	0	200	200	0	0	0	0	0	0	0	0	0	0	0	0	Phi Ng­ thñ	2 Phi Ng­ Thñ	TiÖm vò khÝ
40070004	0	2	16	2		2152	160	14	0	0	0	0	0	0	200	200	0	0	0	0	0	0	0	0	0	0	0	0	Linh Xµ kiÕm	2 Linh Xµ KiÕm	TiÖm vò khÝ
40070005	0	5	29	2		2238	160	14	0	0	0	0	0	0	200	200	0	0	0	0	0	0	0	0	0	0	0	0	Thñy Háa c«n	2 Thñy Háa C«n	TiÖm vò khÝ
40070006	0	1	42	2		2128	160	14	0	0	0	0	0	0	200	200	0	0	0	0	0	0	0	0	0	0	0	0	LiÔu DiÖp ®ao	2 LiÔu DiÖp §ao	TiÖm vò khÝ
40070007	0	3	53	2		2176	160	14	0	0	0	0	0	0	200	200	0	0	0	0	0	0	0	0	0	0	0	0	Giíi §ao	2 Giíi §ao	TiÖm vò khÝ
40070008	0	10	64	2		2192	160	14	0	0	0	0	0	0	200	200	0	0	0	0	0	0	0	0	0	0	0	0	Ngäc VËn cÇm	2 Ngäc VËn CÇm	TiÖm vò khÝ
40070009	0	9	75	2		2214	160	14	0	0	0	0	0	0	200	200	0	0	0	0	0	0	0	0	0	0	0	0	Ph¸n Quan bót	2 Ph¸n Quan Bót	TiÖm vò khÝ
40070010	0	8	86	2		2286	160	14	0	0	0	0	0	0	200	200	0	0	0	0	0	0	0	0	0	0	0	0	TÝch tr­îng	2 TÝch Tr­îng	TiÖm vò khÝ
40070011	0	100	3	2		2200	160	14	0	0	0	0	0	0	200	200	0	0	0	0	0	0	0	0	0	0	0	0	Tö C©m Bè Y	2 Tö Kh©m Bè Y	TiÖm Nam phôc
40070012	0	100	4	2		2806	160	14	0	0	0	0	0	0	200	200	0	0	0	0	0	0	0	0	0	0	0	0	Bµn Long Tó	2 Bµn Long Tó	TiÖm Nam phôc
40080001	0	100	21	2		2200	160	16	0	0	0	0	0	0	200	200	0	0	0	0	0	0	0	0	0	0	0	0	Thó Hé Kiªn	2 Thó §Çu Hé Kiªn	TiÖm Nam phôc
40080002	0	100	22	2		2806	160	16	0	0	0	0	0	0	200	200	200	200	0	0	0	0	0	0	0	0	0	0	CÈm Ti C©n	2 CÈm Ti C©n	TiÖm Nam phôc
40080003	0	101	2	2		2074	160	16	0	0	0	0	0	0	200	200	200	200	0	0	0	0	0	0	0	0	0	0	ViÔn Tóc trang	2 ViÔn Tóc Trang	TiÖm Nam phôc
40080004	0	101	22	2		3860	160	16	0	0	0	0	0	0	200	200	200	200	0	0	0	0	0	0	0	0	0	0	Kim T¬ trang	2 Kim Ti Trang	TiÖm Nam phôc
40080005	0	103	3	2		2640	160	16	0	0	0	0	0	0	200	200	200	200	0	0	0	0	0	0	0	0	0	0	Anh Hïng C©n	2 Anh Hïng C©n	TiÖm Nam phôc
40080006	0	103	21	2		2640	160	16	0	0	0	0	0	0	200	200	200	200	0	0	0	0	0	0	0	0	0	0	Ng­u B× ®Çu c©n	2 Ng­u B× §Çu C©n	TiÖm Nam phôc
40080007	0	102	1	2		3520	160	16	0	0	0	0	0	0	200	200	200	200	0	0	0	0	0	0	0	0	0	0	Hu©n Y H­¬ng Nang	2 Hu©n Y H­¬ng Nang	TiÖm Kim hoµn
40080008	0	100	39	2		2200	160	16	0	0	0	0	0	0	200	200	200	200	0	0	0	0	0	0	0	0	0	0	Tö Nhung Th­êng	2 Tö Nhung Th­êng	TiÖm N÷ phôc
40080009	0	100	40	2		2806	160	16	0	0	0	0	0	0	200	200	200	200	0	0	0	0	0	0	0	0	0	0	T©m Ên Th­êng	2 T©m Ên Th­êng	TiÖm N÷ phôc
40080010	0	100	57	2		2200	160	16	0	0	0	0	0	0	200	200	200	200	0	0	0	0	0	0	0	0	0	0	Tö Kinh sam	2 Tö K×nh Sam	TiÖm N÷ phôc
40080011	0	100	58	2		2806	160	18	0	0	0	0	0	0	200	200	200	200	0	0	0	0	0	0	0	0	0	0	Linh VËn Th­êng	2 Linh VËn Th­êng	TiÖm N÷ phôc
40080012	0	103	39	2		2640	160	18	0	0	0	0	0	0	200	200	200	200	0	0	0	0	0	0	0	0	0	0	Phßng Phong L¹p	2 Phßng Phong L¹p	TiÖm N÷ phôc
40080013	0	103	57	2		2640	160	18	0	0	0	0	0	0	200	200	200	200	0	0	0	0	0	0	0	0	0	0	TrÇm Méc Thóc tr©m	2 Méc XØ Thóc Ph¸t	TiÖm N÷ phôc
40090001	0	101	38	2		2074	160	18	0	0	0	0	0	0	200	200	200	200	0	0	0	0	0	0	0	0	0	0	Hå C¬ Tó Trang	2 Hå C¬ Tó Trang	TiÖm N÷ phôc
40090002	0	101	40	2		3860	160	18	0	0	0	0	0	0	200	200	200	200	0	0	0	0	0	0	0	0	0	0	BÝch V©n Tó Trang	2 BÝch V©n Tó Trang	TiÖm N÷ phôc
40090003	0	101	56	2		2074	160	18	0	0	0	0	0	0	200	200	200	200	0	0	0	0	0	0	0	0	0	0	Tö Hµ Tó Trang	2 Tö Hµ Tó Trang	TiÖm N÷ phôc
40090004	0	101	58	2		3860	160	18	0	0	0	0	0	0	200	200	200	200	0	0	0	0	0	0	0	0	0	0	Linh VËn Tó Trang	2 Linh VËn Tó Trang	TiÖm N÷ phôc
40090005	0	0	4	2		5992	310	18	0	0	0	0	0	0	200	200	200	200	0	0	0	0	0	0	0	0	0	0	Hång Ma thñ	2 Hång Ma Thñ	TiÖm vò khÝ
40090006	0	2	17	2		5688	310	20	0	0	0	0	0	0	200	200	200	200	0	0	0	0	0	0	0	0	0	0	XÝch Sa kiÕm	2 XÝch Sa KiÕm	TiÖm vò khÝ
40090007	0	5	30	2		5932	310	20	0	0	0	0	0	0	200	200	200	200	0	0	0	0	0	0	0	0	0	0	Tø B×nh c«n	2 Tø B×nh C«n	TiÖm vò khÝ
40090008	0	0	5	1		3912	310	20	0	0	0	0	0	0	200	200	200	200	0	0	0	0	0	0	0	0	0	0	Xuyªn V©n thñ	1 Xuyªn V©n Thñ	TiÖm vò khÝ
40090009	0	2	18	1		3716	310	20	0	0	0	0	0	0	200	200	200	200	0	0	0	0	0	0	0	0	0	0	Thanh Minh kiÕm	1 Thanh Minh KiÕm	TiÖm vò khÝ
40090010	0	5	31	1		3874	310	20	0	0	0	0	0	0	0	0	200	200	0	0	0	0	0	0	0	0	0	0	Phæ §é c«n	1 Phæ §é C«n	TiÖm vò khÝ
40090011	0	1	44	1		3677	310	20	0	0	0	0	0	0	0	0	200	200	0	0	0	0	0	0	0	0	0	0	Ph¸ DiÖt ThÇn Ch©m	1 Ph¸ DiÖt ThÇn Ch©m	TiÖm vò khÝ
40090012	0	3	55	1		3754	310	20	0	0	0	0	0	0	0	0	200	200	0	0	0	0	0	0	0	0	0	0	LiÖt DiÖm ®ao	1 LiÖt DiÖm §ao	TiÖm vò khÝ
40090013	0	10	66	1		3797	310	20	0	0	0	0	0	0	0	0	200	200	0	0	0	0	0	0	0	0	0	0	B«n L«i cÇm	1 B«n L«i CÇm	TiÖm vò khÝ
40090014	0	9	77	1		3835	310	20	0	0	0	0	0	0	0	0	200	200	0	0	0	0	0	0	0	0	0	0	Xu©n Phong bót	1 Xu©n Phong Bót	TiÖm vò khÝ
40090015	0	8	88	1		3950	310	20	0	0	0	0	0	0	0	0	200	200	0	0	0	0	0	0	0	0	0	0	Tam B¶o tr­îng	1 Tam B¶o Tr­îng	TiÖm vò khÝ
40090016	0	100	7	1		4166	600	20	0	0	0	0	0	0	0	0	200	200	0	0	0	0	0	0	0	0	0	0	ThÇn Hµnh phôc	1 ThÇn Hµnh Phôc	TiÖm Nam phôc
40090017	0	100	8	1		4462	600	20	0	0	0	0	0	0	0	0	200	200	0	0	0	0	0	0	0	0	0	0	Thanh S­¬ng bµo	1 Thanh S­¬ng Bµo	TiÖm Nam phôc
40090018	0	100	25	1		4166	600	20	0	0	0	0	0	0	0	0	200	200	0	0	0	0	0	0	0	0	0	0	Lôc L©m trang	1 Lôc L©m Trang	TiÖm Nam phôc
40090019	0	100	26	1		4462	600	20	0	0	0	0	0	0	0	0	200	200	0	0	0	0	0	0	0	0	0	0	Hoµng Hæ y	1 Hoµng Hæ B× Y	TiÖm Nam phôc
40090020	0	100	27	1		5429	600	20	0	0	0	0	0	0	0	0	200	200	0	0	0	0	0	0	0	0	0	0	ThÇn Ng­u Hé gi¸p	1 ThÇn Ng­u Hé Gi¸p	TiÖm Nam phôc
40090021	0	101	7	1		5730	600	20	0	0	0	0	0	0	0	0	200	200	0	0	0	0	0	0	0	0	0	0	D¹ Hµnh trang	1 D¹ Hµnh Trang	TiÖm Nam phôc
40090022	0	101	8	1		4846	600	20	0	0	0	0	0	0	0	0	200	200	0	0	0	0	0	0	0	0	0	0	Háa T­êng trang	1 Háa T­êng Trang	TiÖm Nam phôc
40090023	0	101	25	1		5730	600	20	0	0	0	0	0	0	0	0	200	200	0	0	0	0	0	0	0	0	0	0	Du HiÖp trang	1 Du HiÖp Trang	TiÖm Nam phôc
40090024	0	101	26	1		4846	600	20	0	0	0	0	0	0	0	0	200	200	0	0	0	0	0	0	0	0	0	0	Hæ B× K×nh Trang	1 Hæ B× K×nh Trang	TiÖm Nam phôc
40090025	0	103	7	1		3347	600	20	0	0	0	0	0	0	0	0	200	200	0	0	0	0	0	0	0	0	0	0	M«ng DiÖn C©n	1 M«ng DiÖn C©n	TiÖm Nam phôc
40090026	0	103	8	1		5173	600	20	0	0	0	0	0	0	0	0	200	200	0	0	0	0	0	0	0	0	0	0	Hoa D­¬ng c©n	1 Hoa D­¬ng C©n	TiÖm Nam phôc
40090027	0	103	25	1		3347	600	20	0	0	0	0	0	0	0	0	200	200	0	0	0	0	0	0	0	0	0	0	ThÇn Méc c©n	1 ThÇn Méc C©n	TiÖm Nam phôc
40090028	0	103	26	1		5173	600	20	0	0	0	0	0	0	0	0	200	200	0	0	0	0	0	0	0	0	0	0	Nh­îc Thñy L¹p	1 Nh­îc Thñy L¹p	TiÖm Nam phôc
40090029	0	100	43	1		4166	600	20	0	0	0	0	0	0	0	0	200	200	150	150	0	0	0	0	0	0	0	0	LuyÖn Gi¸p Th­êng	1 LuyÖn Gi¸p Th­êng	TiÖm N÷ phôc
40090030	0	100	44	1		4462	600	20	0	0	0	0	0	0	0	0	200	200	150	150	0	0	0	0	0	0	0	0	Ho¸n Hoa Th­êng	1 Ho¸n Hoa Th­êng	TiÖm N÷ phôc
40090031	0	100	45	1		5429	600	20	0	0	0	0	0	0	0	0	200	200	150	150	0	0	0	0	0	0	0	0	CÈm Anh Th­êng	1 CÈm Anh Th­êng	TiÖm N÷ phôc
40090032	0	100	61	1		4166	600	20	0	0	0	0	0	0	0	0	200	200	150	150	0	0	0	0	0	0	0	0	MËt V©n Sam	1 MËt V©n Sam	TiÖm N÷ phôc
40090033	0	100	62	1		4462	600	20	0	0	0	0	0	0	0	0	200	200	150	150	0	0	0	0	0	0	0	0	Vâ §Êu Th­êng	1 Vò §Êu Th­êng	TiÖm N÷ phôc
40090034	0	100	63	1		5429	600	20	0	0	0	0	0	0	0	0	200	200	150	150	0	0	0	0	0	0	0	0	Thiªn Tµm gi¸p y	1 Thiªn Tµm Gi¸p Y	TiÖm N÷ phôc
40090035	0	103	43	1		3347	600	20	0	0	0	0	0	0	0	0	200	200	150	150	0	0	0	0	0	0	0	0	Bµn Th¹ch kÕt	1 Bµn Th¹ch kÕt	TiÖm N÷ phôc
40090036	0	103	44	1		5173	600	20	0	0	0	0	0	0	0	0	200	200	150	150	0	0	0	0	0	0	0	0	Khæng T­íc Tr©m	1 Khæng T­íc Tr©m	TiÖm N÷ phôc
40090037	0	103	61	1		3347	600	20	0	0	0	0	0	0	0	0	200	200	200	200	0	0	0	0	0	0	0	0	Lam §iÖp Thóc c©n	1 Lam §iÖp Thóc C©n	TiÖm N÷ phôc
40090038	0	103	62	1		5173	600	20	0	0	0	0	0	0	0	0	200	200	200	200	100	100	0	0	0	0	0	0	B¹ch Hång Tr©m	1 B¹ch Hång Tr©m	TiÖm N÷ phôc
40090039	0	101	43	1		5730	1150	20	0	0	0	0	0	0	0	0	0	0	200	200	100	100	0	0	0	0	0	0	LuyÖn Gi¸p Tó Trang	1 LuyÖn Gi¸p Tó Trang	TiÖm N÷ phôc
40090040	0	101	44	1		4846	1150	20	0	0	0	0	0	0	0	0	0	0	200	200	100	100	0	0	0	0	0	0	S­ Man Tó Trang	1 S­ Man Tó Trang	TiÖm N÷ phôc
40090041	0	101	61	1		5730	1150	20	0	0	0	0	0	0	0	0	0	0	200	200	100	100	0	0	0	0	0	0	H·m TrËn Tó Trang	1 H·m TrËn Tó Trang	TiÖm N÷ phôc
40090042	0	101	62	1		4846	1150	20	0	0	0	0	0	0	0	0	0	0	200	200	100	100	0	0	0	0	0	0	BÝch Hå Tó Trang	1 BÝch Hå Tó Trang	TiÖm N÷ phôc
40090043	0	0	6	1		5312	1150	20	0	0	0	0	0	0	0	0	0	0	200	200	100	100	0	0	0	0	0	0	Tam D­¬ng thñ	1 Tam D­¬ng Thñ	TiÖm vò khÝ
40090044	0	2	19	1		5046	1150	20	0	0	0	0	0	0	0	0	0	0	200	200	100	100	0	0	0	0	0	0	HuyÕt S¸t kiÕm	1 HuyÕt S¸t KiÕm	TiÖm vò khÝ
40090045	0	5	32	1		5257	1150	20	0	0	0	0	0	0	0	0	0	0	200	200	100	100	0	0	0	0	0	0	H¹c Vò c«n	1 H¹c Vò C«n	TiÖm vò khÝ
40090046	0	1	45	1		4992	1150	20	0	0	0	0	0	0	0	0	0	0	200	200	100	100	0	0	0	0	0	0	Tö MÉu Ly Hån TiÔn	1 Tö MÉu Ly Hån TiÔn	TiÖm vò khÝ
40090047	0	3	56	1		5101	1150	20	0	0	0	0	0	0	0	0	0	0	200	200	100	100	0	0	0	0	0	0	Ngò Hæ §o¹n M«n §ao	1 Ngò Hæ §o¹n M«n §ao	TiÖm vò khÝ
40090048	0	10	67	1		5152	1150	20	0	0	0	0	0	0	0	0	0	0	200	200	100	100	0	0	0	0	0	0	Phi Béc Liªn Ch©u	1 Phi Béc Liªn Ch©u	TiÖm vò khÝ
40090049	0	9	78	1		5206	1150	20	0	0	0	0	0	0	0	0	0	0	200	200	100	100	0	0	0	0	0	0	Kinh L«i bót	1 Kinh L«i Bót	TiÖm vò khÝ
40090050	0	8	89	1		5366	1150	20	0	0	0	0	0	0	0	0	0	0	200	200	100	100	0	0	0	0	0	0	Phôc Ma tr­îng	1 Phôc Ma Tr­îng	TiÖm vò khÝ
40090051	0	102	2	1		5280	1150	20	0	0	0	0	0	0	0	0	0	0	200	200	100	100	100	100	0	0	0	0	Hîp Hoan H­¬ng Nang	1 Hîp Hoan H­¬ng Nang	TiÖm Kim hoµn
40100001	0	1	43	2		5628	600	20	0	0	0	0	0	0	0	0	0	0	200	200	100	100	150	150	0	0	0	0	§o¹n Tr­êng tiªu	2 §o¹n Tr­êng Tiªu	TiÖm vò khÝ
40100002	0	3	54	2		5750	600	20	0	0	0	0	0	0	0	0	0	0	200	200	100	100	150	150	0	0	0	0	ChiÕt ThiÕt ®ao	2 ChiÕt ThiÕt §ao	TiÖm vò khÝ
40100003	0	10	65	2		5810	600	20	0	0	0	0	0	0	0	0	0	0	200	200	150	150	150	150	0	0	0	0	Kinh §µo cÇm	2 Kinh §µo CÇm	TiÖm vò khÝ
40100004	0	9	76	2		5872	600	20	0	0	0	0	0	0	0	0	0	0	200	200	150	150	150	150	0	0	0	0	ChiÕt Xung bót	2 ChiÕt Xung Bót	TiÖm vò khÝ
40100005	0	8	87	2		6054	600	20	0	0	0	0	0	0	0	0	0	0	200	200	150	150	150	150	0	0	0	0	Ho»ng Ph¸p tr­îng	2 Ho»ng Ph¸p Tr­îng	TiÖm vò khÝ
40100006	0	100	5	2		6618	600	20	0	0	0	0	0	0	0	0	0	0	200	200	150	150	150	150	0	0	0	0	Th­¬ng Lang y	2 Th­¬ng Lang Y	TiÖm Nam phôc
40100007	0	100	6	2		5738	600	20	0	0	0	0	0	0	0	0	0	0	200	200	150	150	150	150	0	0	0	0	YÓm T©m gi¸p	2 YÓm T©m Gi¸p	TiÖm Nam phôc
40100008	0	100	23	2		6618	600	20	0	0	0	0	0	0	0	0	0	0	200	200	150	150	150	150	0	0	0	0	Hµo HiÖp y	2 Hµo HiÖp Y	TiÖm Nam phôc
40100009	0	100	24	2		5738	600	20	0	0	0	0	0	0	0	0	0	0	200	200	150	150	150	150	0	0	0	0	Kim Ngäc Trï sam	2 Kim Ngäc Trï Sam	TiÖm Nam phôc
40110001	0	101	21	2		4648	600	22	0	0	0	0	0	0	0	0	0	0	200	200	150	150	150	150	0	0	0	0	M·ng Ng­u trang	2 M·ng Ng­u Trang	TiÖm Nam phôc
40110002	0	101	23	2		5970	600	22	0	0	0	0	0	0	0	0	0	0	200	200	150	150	150	150	0	0	0	0	Hµo HiÖp trang	2 Hµo Dòng Trang	TiÖm Nam phôc
40110003	0	101	24	2		7562	600	22	0	0	0	0	0	0	0	0	0	0	200	200	150	150	150	150	0	0	0	0	Kim Lò trang	2 Kim Lò Trang	TiÖm Nam phôc
40110004	0	103	5	2		5928	600	22	0	0	0	0	0	0	0	0	0	0	200	200	150	150	150	150	0	0	0	0	M·n NguyÖt L¹p	2 M·n NguyÖt L¹p	TiÖm Nam phôc
40110005	0	103	6	2		4696	600	22	0	0	0	0	0	0	0	0	0	0	200	200	150	150	150	150	0	0	0	0	Kim Phong Qu¸n	2 Kim Phong Qu¸n	TiÖm Nam phôc
40120001	0	103	22	2		4386	600	22	0	0	0	0	0	0	0	0	0	0	200	200	150	150	150	150	0	0	0	0	Kim §iÒu c©n	2 Kim Thao Ph¸t §¸i	TiÖm Nam phôc
40120002	0	103	23	2		5928	600	22	0	0	0	0	0	0	0	0	0	0	200	200	150	150	150	150	0	0	0	0	Vò Th¾ng Sa M·o	2 Vò Th¾ng Sa M·o	TiÖm Nam phôc
40120003	0	102	6	2		5280	600	22	0	0	0	0	0	0	0	0	0	0	200	200	150	150	150	150	100	100	100	100	Lôc Du Ngäc Béi	2 Lôc Du Ngäc Béi	TiÖm Kim hoµn
40120004	0	102	11	2		7040	600	25	0	0	0	0	0	0	0	0	0	0	200	200	150	150	150	150	100	100	100	100	Lôc Tïng Th¹ch hé phï	2 Lôc Tïng Th¹ch hé phï	TiÖm Kim hoµn
40120005	0	100	42	2		5738	600	25	0	0	0	0	0	0	0	0	0	0	200	200	150	150	150	150	100	100	100	100	Thiªn Ma Th­êng	2 Thiªn Ma Th­êng	TiÖm N÷ phôc
40120006	0	100	59	2		6618	600	25	0	0	0	0	0	0	0	0	0	0	200	200	150	150	150	150	100	100	100	100	C©n Qu¾c sam	2 C©n Quèc Sam	TiÖm N÷ phôc
40130001	0	100	60	2		5738	600	25	0	0	0	0	0	0	0	0	0	0	200	200	150	150	150	150	100	100	100	100	Phong Vò Th­êng	2 Phong Vò Th­êng	TiÖm N÷ phôc
40130002	0	103	40	2		4386	600	25	0	0	0	0	0	0	0	0	0	0	200	200	150	150	150	150	100	100	100	100	TÞ Thñy L¹p	2 TÞ Thñy L¹p	TiÖm N÷ phôc
40130003	0	103	41	2		5928	600	28	0	0	0	0	0	0	0	0	0	0	200	200	150	150	150	150	100	100	100	100	Thanh §ång kÕt	2 Thanh §ång kÕt	TiÖm N÷ phôc
40130004	0	103	42	2		4696	600	28	0	0	0	0	0	0	0	0	0	0	200	200	150	150	150	150	150	150	150	150	San H« tr©m	2 San H« Tr©m	TiÖm N÷ phôc
40130005	0	103	58	2		4386	600	28	0	0	0	0	0	0	0	0	0	0	200	200	150	150	150	150	150	150	150	150	Ng©n Linh Tr©m	2 Ng©n Linh Tr©m	TiÖm N÷ phôc
40140001	0	103	59	2		5958	600	28	0	0	0	0	0	0	0	0	0	0	200	200	150	150	150	150	150	150	150	150	Quû DiÖn Thóc c©n	2 Quû DiÖn Thóc c©n	TiÖm N÷ phôc
40140002	0	103	60	2		4696	600	28	0	0	0	0	0	0	0	0	0	0	200	200	150	150	150	150	150	150	150	150	Thanh Lam c©n	2 Thanh Lam c©n	TiÖm N÷ phôc
40140003	0	101	39	2		4648	600	28	0	0	0	0	0	0	0	0	0	0	200	200	150	150	150	150	150	150	150	150	H¾c Nhung Tó Trang	2 H¾c Nhung Tó Trang	TiÖm N÷ phôc
40140004	0	101	41	2		5970	600	28	0	0	0	0	0	0	0	0	0	0	200	200	150	150	150	150	150	150	150	150	Vâ LuyÖn Tó Trang	2 Vò LuyÖn Tó Trang	TiÖm N÷ phôc
40140005	0	100	10	1		7405	2000	28	0	0	0	0	0	0	0	0	0	0	0	0	150	150	150	150	150	150	150	150	XÝch §ång trô	1 XÝch §ång Trô	TiÖm Nam phôc
40140006	0	100	28	1		7405	2000	28	0	0	0	0	0	0	0	0	0	0	0	0	150	150	150	150	150	150	150	150	Tö Thanh S­¬ng Hoa sam	1 Tö Thanh S­¬ng Hoa Sam	TiÖm Nam phôc
40140007	0	103	9	1		7203	2000	28	0	0	0	0	0	0	0	0	0	0	0	0	150	150	150	150	150	150	150	150	ThiÕt TuyÕn L¹p	1 ThiÕt TuyÕn L¹p	TiÖm Nam phôc
40140008	0	103	27	1		7203	2000	28	0	0	0	0	0	0	0	0	0	0	0	0	150	150	150	150	150	150	150	150	Chu T­íc Thóc c©n	1 Chu T­íc Thóc c©n	TiÖm Nam phôc
40140009	0	100	46	1		7405	2000	28	0	0	0	0	0	0	0	0	0	0	0	0	150	150	150	150	150	150	150	150	N÷ KiÖt Th­êng	1 N÷ KiÖt Th­êng	TiÖm N÷ phôc
40140010	0	100	64	1		7405	2000	28	0	0	0	0	0	0	0	0	0	0	0	0	150	150	150	150	150	150	150	150	û La Th­êng	1 Khëi La Th­êng	TiÖm N÷ phôc
40140011	0	103	45	1		7203	2000	28	0	0	0	0	0	0	0	0	0	0	0	0	150	150	150	150	150	150	150	150	Chu T­íc Ph¸t KÕt	1 Chu T­íc kÕt	TiÖm N÷ phôc
40140012	0	103	63	1		7203	2000	28	0	0	0	0	0	0	0	0	0	0	0	0	150	150	150	150	150	150	150	150	Thiªn C¬ Thóc tr©m	1 Thiªn C¬ Thóc tr©m	TiÖm N÷ phôc
40140013	0	102	7	1		7920	2000	28	0	0	0	0	0	0	0	0	0	0	0	0	150	150	150	150	150	150	150	150	Kinh B¹ch Ngäc Béi	1 Kinh B¹ch Ngäc Béi	TiÖm Kim hoµn
40140014	0	0	7	1		7616	2000	28	0	0	0	0	0	0	0	0	0	0	0	0	150	150	150	150	150	150	150	150	Thiªn Ng­u thñ	1 Thiªn Ng­u Thñ	TiÖm vò khÝ
40140015	0	2	20	1		7236	2000	28	0	0	0	0	0	0	0	0	0	0	0	0	150	150	150	150	150	150	150	150	Hµm Quang kiÕm	1 Hµm Quang KiÕm	TiÖm vò khÝ
40140016	0	5	33	1		7540	2000	28	0	0	0	0	0	0	0	0	0	0	0	0	150	150	150	150	150	150	150	150	Ph©n Thñy c«n	1 Ph©n Thñy C«n	TiÖm vò khÝ
40140017	0	1	46	1		7160	2000	28	0	0	0	0	0	0	0	0	0	0	0	0	150	150	150	150	150	150	150	150	H¾c HuyÕt ThÇn Ch©m	1 H¾c HuyÕt ThÇn Ch©m	TiÖm vò khÝ
40140018	0	3	57	1		7312	2000	28	0	0	0	0	0	0	0	0	0	0	0	0	150	150	150	150	150	150	150	150	Cöu ¢m ®ao	1 Cöu ¢m §ao	TiÖm vò khÝ
40140019	0	10	68	1		7388	2000	28	0	0	0	0	0	0	0	0	0	0	0	0	150	150	150	150	150	150	150	150	L«i §éng V¹n VËt	1 L«i §éng V¹n VËt	TiÖm vò khÝ
40140020	0	9	79	1		7464	2000	28	0	0	0	0	0	0	0	0	0	0	0	0	150	150	150	150	150	150	150	150	V« Håi bót	1 V« Håi Bót	TiÖm vò khÝ
40140021	0	8	90	1		7692	2000	28	0	0	0	0	0	0	0	0	0	0	0	0	150	150	150	150	150	150	150	150	Phæ §é tr­îng	1 Phæ §é Tr­îng	TiÖm vò khÝ
40140022	0	103	10	1		8469	2000	28	0	0	0	0	0	0	0	0	0	0	0	0	150	150	150	150	150	150	150	150	DËt Èn Qu¸n	1 DËt Èn Qu¸n	TiÖm Nam phôc
40140023	0	103	28	1		8469	2000	28	0	0	0	0	0	0	0	0	0	0	0	0	150	150	150	150	150	150	150	150	H¶i ThÇn kÕt	1 H¶i ThÇn Ph¸t KÕt	TiÖm Nam phôc
40140024	0	103	46	1		8469	2000	28	0	0	0	0	0	0	0	0	0	0	0	0	150	150	150	150	150	150	150	150	§»ng Xµ tr©m	1 §»ng Xµ tr©m	TiÖm N÷ phôc
40140025	0	103	64	1		8469	2000	28	0	0	0	0	0	0	0	0	0	0	0	0	150	150	150	150	150	150	150	150	Thiªn La Thoa	1 Thiªn La Thoa	TiÖm N÷ phôc
40140026	0	101	9	1		9426	2000	28	0	0	0	0	0	0	0	0	0	0	0	0	150	150	150	150	150	150	150	150	XÝch L©n trang	1 XÝch L©n Trang	TiÖm Nam phôc
40140027	0	101	10	1		9305	2000	28	0	0	0	0	0	0	0	0	0	0	0	0	150	150	150	150	150	150	150	150	Nh­ ý trang	1 Nh­ ý Trang	TiÖm Nam phôc
40140028	0	101	27	1		9426	2000	28	0	0	0	0	0	0	0	0	0	0	0	0	150	150	150	150	150	150	150	150	CÈm Lan trang	1 CÈm Lan Trang	TiÖm Nam phôc
40140029	0	101	28	1		9305	2000	28	0	0	0	0	0	0	0	0	0	0	0	0	150	150	150	150	150	150	150	150	Thanh S­¬ng trang	1 Thanh S­¬ng Trang	TiÖm Nam phôc
40140030	0	101	45	1		9426	2000	28	0	0	0	0	0	0	0	0	0	0	0	0	150	150	150	150	150	150	150	150	CÈm Anh Tó Trang	1 CÈm Anh Tó Trang	TiÖm N÷ phôc
40140031	0	101	46	1		9305	2000	28	0	0	0	0	0	0	0	0	0	0	0	0	150	150	150	150	150	150	150	150	V©n Hµ Tó Trang	1 V©n Hµ Tó Trang	TiÖm N÷ phôc
40140032	0	101	63	1		9426	2000	28	0	0	0	0	0	0	0	0	0	0	0	0	150	150	150	150	150	150	150	150	Thiªn Tµm Tó Trang	1 Thiªn Tµm Tó Trang	TiÖm N÷ phôc
40140033	0	101	64	1		9305	2000	28	0	0	0	0	0	0	0	0	0	0	0	0	150	150	150	150	150	150	150	150	Khëi La Tó Trang	1 Khëi La Tó Trang	TiÖm N÷ phôc
40140034	0	0	8	1		10845	3650	28	0	0	0	0	0	0	0	0	0	0	0	0	0	0	150	150	150	150	150	150	BÝch Xµ thñ	1 BÝch Xµ Thñ	TiÖm vò khÝ
40140035	0	2	21	1		10300	3650	28	0	0	0	0	0	0	0	0	0	0	0	0	0	0	150	150	150	150	150	150	TÝch D­¬ng	1 TÝch D­¬ng	TiÖm vò khÝ
40140036	0	5	34	1		10738	3650	28	0	0	0	0	0	0	0	0	0	0	0	0	0	0	150	150	150	150	150	150	TiÒm Long c«n	1 TiÒm Long C«n	TiÖm vò khÝ
40140037	0	1	47	1		10192	3650	28	0	0	0	0	0	0	0	0	0	0	0	0	0	0	150	150	150	150	150	150	Ngäc Phong ch©m	1 Ngäc Phong Ch©m	TiÖm vò khÝ
40140038	0	3	58	1		10412	3650	28	0	0	0	0	0	0	0	0	0	0	0	0	0	0	150	150	150	150	150	150	Ph¸ S¬n ®ao	1 Ph¸ S¬n §ao	TiÖm vò khÝ
40140039	0	9	80	1		10626	3650	28	0	0	0	0	0	0	0	0	0	0	0	0	0	0	150	150	150	150	150	150	Truy NguyÖt bót	1 Truy NguyÖt Bót	TiÖm vò khÝ
40140040	0	8	91	1		10952	3650	28	0	0	0	0	0	0	0	0	0	0	0	0	0	0	150	150	150	150	150	150	NguyÖt Lu©n tr­îng	1 NguyÖt Lu©n Tr­îng	TiÖm vò khÝ
40140043	0	102	16	3		13200	5520	30	0	0	0	0	0	0	0	0	0	0	0	0	0	0	150	150	200	200	200	200	Phï Dung Th¹ch Giíi ChØ	3 Phï Dung Th¹ch Giíi ChØ	TiÖm Kim hoµn
40140044	0	102	12	1		10560	5520	30	0	0	0	0	0	0	0	0	0	0	0	0	0	0	0	0	200	200	200	200	Miªu Nh·n hé phï	1 Miªu Nh·n hé phï	TiÖm Kim hoµn
40140045	0	102	17	1		13200	5520	30	0	0	0	0	0	0	0	0	0	0	0	0	0	0	0	0	200	200	200	200	Tæ MÉu Lôc Giíi ChØ	1 Tæ MÉu Lôc Giíi ChØ	TiÖm Kim hoµn
40140046	0	100	11	1		13275	5520	30	0	0	0	0	0	0	0	0	0	0	0	0	0	0	0	0	200	200	200	200	NhuyÔn Kim y	1 NhuyÔn Kim Y	TiÖm Nam phôc
40140047	0	100	12	1		12541	5520	30	0	0	0	0	0	0	0	0	0	0	0	0	0	0	0	0	200	200	200	200	Th­¬ng  Lan y	1 Th­¬ng Lan Y	TiÖm Nam phôc
40140048	0	100	29	1		13275	5520	30	0	0	0	0	0	0	0	0	0	0	0	0	0	0	0	0	200	200	200	200	Di Nhiªm Kh¸ch y	1 Di Nhiªm Kh¸ch y	TiÖm Nam phôc
40140049	0	100	30	1		12541	5520	30	0	0	0	0	0	0	0	0	0	0	0	0	0	0	0	0	200	200	200	200	Thiªn NhÉn y	1 Thiªn NhÉn MËt Trang	TiÖm Nam phôc
40140050	0	101	11	1		17982	5520	30	0	0	0	0	0	0	0	0	0	0	0	0	0	0	0	0	200	200	200	200	Long B× trang	1 Long B× Trang	TiÖm Nam phôc
40140051	0	101	12	1		13986	5520	30	0	0	0	0	0	0	0	0	0	0	0	0	0	0	0	0	200	200	200	200	HuyÒn ¶nh trang	1 HuyÔn ¶nh Trang	TiÖm Nam phôc
40140052	0	101	29	1		17982	5520	30	0	0	0	0	0	0	0	0	0	0	0	0	0	0	0	0	200	200	200	200	Thiªn Phong trang	1 Thiªn Phong Trang	TiÖm Nam phôc
40140053	0	101	30	1		13986	5520	30	0	0	0	0	0	0	0	0	0	0	0	0	0	0	0	0	200	200	200	200	BÝ Èn trang	1 BÝ Èn Trang	TiÖm Nam phôc
40140054	0	103	11	1		14094	5520	30	0	0	0	0	0	0	0	0	0	0	0	0	0	0	0	0	200	200	200	200	Hång L¨ng C©n	1 Hång L¨ng C©n	TiÖm Nam phôc
40140055	0	103	12	1		14451	5520	30	0	0	0	0	0	0	0	0	0	0	0	0	0	0	0	0	200	200	200	200	Hµng V©n Thóc ®¸i	1 Hµng V©n C©n	TiÖm Nam phôc
40140056	0	103	29	1		14094	5520	30	0	0	0	0	0	0	0	0	0	0	0	0	0	0	0	0	200	200	200	200	§Þnh Quèc Tö C©n	1 §Þnh Quèc Tö C©n	TiÖm Nam phôc
40140057	0	103	30	1		14451	5520	30	0	0	0	0	0	0	0	0	0	0	0	0	0	0	0	0	200	200	200	200	MËt NhÉn DiÖn tr¸o	1 MËt NhÉn DiÖn tr¸o	TiÖm Nam phôc
