秘籍ID(详细类别)	1	2	3	4	5	6	7	8	9	10	11	12	13	14	15	16	17	18	19	20	21	22	23	24	25	26	27	28	51	52	53	54	55	56	57	58	59	60	61	62	63	64	65	66	155	78	101	102	103	104	105	106	107	108	109	110	111	112	113	114	156	157	158	159	160	161	162	163	164	165	166	167	168	169	170	171	172	173	174	175	176	177	178	179	180	181	182	183	184	185	186	187	188	189	190	191	192	193	194	195	196	197	198	199	200	201	202	203	204	205	206	207	208	209	210	211	212	213	214	215	216	217	218	219	220	221	222	223	224	225	226	227	228	229	230	231	232	233	234	235	236	237
升2需要的修为	100	100	100	100	100	100	100	100	100	100	100	100	100	100	100	100	100	100	100	100	100	100	100	100	100	100	100	100	1	3	3	3	3	3	5	5	15	20	25	25	80	80	80	100	100	200	200	200	200	200	200	200	200	200	200	200	200	200	200	200	200	200	200	100	100	100	200	200	200	200	150	150	150	150	150	150	150	150	150	150	150	150	150	150	100	100	100	100	100	100	100	100	100	100	100	100	200	200	200	200	200	200	150	150	150	150	150	150	150	150	150	150	150	150	150	150	150	150	150	150	150	150	150	150	150	150	150	150	200	200	200	100	100	100	150	150	100	100	150	150	200	200
升3需要的修为	100	100	100	100	100	100	100	100	100	100	100	100	100	100	100	100	100	100	100	100	100	100	100	100	100	100	100	100	1	3	3	3	3	3	5	5	15	20	25	25	80	80	80	100	100	200	200	200	200	200	200	200	200	200	200	200	200	200	200	200	200	200	200	100	100	100	200	200	200	200	150	150	150	150	150	150	150	150	150	150	150	150	150	150	100	100	100	100	100	100	100	100	100	100	100	100	200	200	200	200	200	200	150	150	150	150	150	150	150	150	150	150	150	150	150	150	150	150	150	150	150	150	150	150	150	150	150	150	200	200	200	100	100	100	150	150	100	100	150	150	200	200
升4需要的修为	100	100	100	100	100	100	100	100	100	100	100	100	100	100	100	100	100	100	100	100	100	100	100	100	100	100	100	100	1	3	3	3	3	3	5	5	15	20	25	25	80	80	80	100	100	200	200	200	200	200	200	200	200	200	200	200	200	200	200	200	200	200	200	100	100	100	200	200	200	200	150	150	150	150	150	150	150	150	150	150	150	150	150	150	100	100	100	100	100	100	100	100	100	100	100	100	200	200	200	200	200	200	150	150	150	150	150	150	150	150	150	150	150	150	150	150	150	150	150	150	150	150	150	150	150	150	150	150	200	200	200	100	100	100	150	150	100	100	150	150	200	200
升5需要的修为	100	100	100	100	100	100	100	100	100	100	100	100	100	100	100	100	100	100	100	100	100	100	100	100	100	100	100	100	1	3	3	3	3	3	5	5	15	20	25	25	80	80	80	100	100	200	200	200	200	200	200	200	200	200	200	200	200	200	200	200	200	200	200	100	100	100	200	200	200	200	150	150	150	150	150	150	150	150	150	150	150	150	150	150	100	100	100	100	100	100	100	100	100	100	100	100	200	200	200	200	200	200	150	150	150	150	150	150	150	150	150	150	150	150	150	150	150	150	150	150	150	150	150	150	150	150	150	150	200	200	200	100	100	100	150	150	100	100	150	150	200	200
升6需要的修为	100	100	100	100	100	100	100	100	100	100	100	100	100	100	100	100	100	100	100	100	100	100	100	100	100	100	100	100	1	3	3	3	3	3	5	5	15	20	25	25	80	80	80	100	100	200	200	200	200	200	200	200	200	200	200	200	200	200	200	200	200	200	200	100	100	100	200	200	200	200	150	150	150	150	150	150	150	150	150	150	150	150	150	150	100	100	100	100	100	100	100	100	100	100	100	100	200	200	200	200	200	200	150	150	150	150	150	150	150	150	150	150	150	150	150	150	150	150	150	150	150	150	150	150	150	150	150	150	200	200	200	100	100	100	150	150	100	100	150	150	200	200
升7需要的修为	100	100	100	100	100	100	100	100	100	100	100	100	100	100	100	100	100	100	100	100	100	100	100	100	100	100	100	100	1	3	3	3	3	3	5	5	15	20	25	25	80	80	80	100	100	200	200	200	200	200	200	200	200	200	200	200	200	200	200	200	200	200	200	100	100	100	200	200	200	200	150	150	150	150	150	150	150	150	150	150	150	150	150	150	100	100	100	100	100	100	100	100	100	100	100	100	200	200	200	200	200	200	150	150	150	150	150	150	150	150	150	150	150	150	150	150	150	150	150	150	150	150	150	150	150	150	150	150	200	200	200	100	100	100	150	150	100	100	150	150	200	200
升8需要的修为	100	100	100	100	100	100	100	100	100	100	100	100	100	100	100	100	100	100	100	100	100	100	100	100	100	100	100	100	1	3	3	3	3	3	5	5	15	20	25	25	80	80	80	100	100	200	200	200	200	200	200	200	200	200	200	200	200	200	200	200	200	200	200	100	100	100	200	200	200	200	150	150	150	150	150	150	150	150	150	150	150	150	150	150	100	100	100	100	100	100	100	100	100	100	100	100	200	200	200	200	200	200	150	150	150	150	150	150	150	150	150	150	150	150	150	150	150	150	150	150	150	150	150	150	150	150	150	150	200	200	200	100	100	100	150	150	100	100	150	150	200	200
升9需要的修为	100	100	100	100	100	100	100	100	100	100	100	100	100	100	100	100	100	100	100	100	100	100	100	100	100	100	100	100	1	3	3	3	3	3	5	5	15	20	25	25	80	80	80	100	100	200	200	200	200	200	200	200	200	200	200	200	200	200	200	200	200	200	200	100	100	100	200	200	200	200	150	150	150	150	150	150	150	150	150	150	150	150	150	150	100	100	100	100	100	100	100	100	100	100	100	100	200	200	200	200	200	200	150	150	150	150	150	150	150	150	150	150	150	150	150	150	150	150	150	150	150	150	150	150	150	150	150	150	200	200	200	100	100	100	150	150	100	100	150	150	200	200
升10需要的修为	1000	1000	1000	1000	1000	1000	1000	1000	1000	1000	1000	1000	1000	1000	1000	1000	1000	1000	1000	1000	1000	1000	1000	1000	1000	1000	1000	1000	1	10	10	10	10	10	50	50	100	200	250	250	800	1000	1000	1000	1000	2000	2000	2000	2000	2000	2000	2000	2000	2000	2000	2000	2000	2000	2000	2000	2000	2000	2000	1000	1000	1000	2000	2000	2000	2000	1500	1500	1500	1500	1500	1500	1500	1500	1500	1500	1500	1500	1500	1500	1000	1000	1000	1000	1000	1000	1000	1000	1000	1000	1000	1000	2000	2000	2000	2000	2000	2000	1500	1500	1500	1500	1500	1500	1500	1500	1500	1500	1500	1500	1500	1500	1500	1500	1500	1500	1500	1500	1500	1500	1500	1500	1500	1500	2000	2000	2000	1000	1000	1000	1500	1500	1000	1000	1500	1500	2000	2000
升11需要的修为	100	100	100	100	100	100	100	100	100	100	100	100	100	100	100	100	100	100	100	100	100	100	100	100	100	100	100	100	1	3	3	3	3	3	5	5	15	20	25	25	80	80	80	100	100	200	200	200	200	200	200	200	200	200	200	200	200	200	200	200	200	200	300	100	100	100	200	200	200	200	150	150	150	150	150	150	150	150	150	150	150	150	150	150	100	100	100	100	100	100	100	100	100	100	100	100	200	200	200	200	200	200	150	150	150	150	150	150	150	150	150	150	150	150	150	150	150	150	150	150	150	150	150	150	150	150	150	150	200	200	200	100	100	100	150	150	100	100	150	150	200	200
升12需要的修为	100	100	100	100	100	100	100	100	100	100	100	100	100	100	100	100	100	100	100	100	100	100	100	100	100	100	100	100	1	3	3	3	3	3	5	5	15	20	25	25	80	80	80	100	100	200	200	200	200	200	200	200	200	200	200	200	200	200	200	200	200	200	300	100	100	100	200	200	200	200	150	150	150	150	150	150	150	150	150	150	150	150	150	150	100	100	100	100	100	100	100	100	100	100	100	100	200	200	200	200	200	200	150	150	150	150	150	150	150	150	150	150	150	150	150	150	150	150	150	150	150	150	150	150	150	150	150	150	200	200	200	100	100	100	150	150	100	100	150	150	200	200
升13需要的修为	100	100	100	100	100	100	100	100	100	100	100	100	100	100	100	100	100	100	100	100	100	100	100	100	100	100	100	100	1	3	3	3	3	3	5	5	15	20	25	25	80	80	80	100	100	200	200	200	200	200	200	200	200	200	200	200	200	200	200	200	200	200	300	100	100	100	200	200	200	200	150	150	150	150	150	150	150	150	150	150	150	150	150	150	100	100	100	100	100	100	100	100	100	100	100	100	200	200	200	200	200	200	150	150	150	150	150	150	150	150	150	150	150	150	150	150	150	150	150	150	150	150	150	150	150	150	150	150	200	200	200	100	100	100	150	150	100	100	150	150	200	200
升14需要的修为	100	100	100	100	100	100	100	100	100	100	100	100	100	100	100	100	100	100	100	100	100	100	100	100	100	100	100	100	1	3	3	3	3	3	5	5	15	20	25	25	80	80	80	100	100	200	200	200	200	200	200	200	200	200	200	200	200	200	200	200	200	200	300	100	100	100	200	200	200	200	150	150	150	150	150	150	150	150	150	150	150	150	150	150	100	100	100	100	100	100	100	100	100	100	100	100	200	200	200	200	200	200	150	150	150	150	150	150	150	150	150	150	150	150	150	150	150	150	150	150	150	150	150	150	150	150	150	150	200	200	200	100	100	100	150	150	100	100	150	150	200	200
升15需要的修为	100	100	100	100	100	100	100	100	100	100	100	100	100	100	100	100	100	100	100	100	100	100	100	100	100	100	100	100	1	3	3	3	3	3	5	5	15	20	25	25	80	80	80	100	100	200	200	200	200	200	200	200	200	200	200	200	200	200	200	200	200	200	300	100	100	100	200	200	200	200	150	150	150	150	150	150	150	150	150	150	150	150	150	150	100	100	100	100	100	100	100	100	100	100	100	100	200	200	200	200	200	200	150	150	150	150	150	150	150	150	150	150	150	150	150	150	150	150	150	150	150	150	150	150	150	150	150	150	200	200	200	100	100	100	150	150	100	100	150	150	200	200
升16需要的修为	100	100	100	100	100	100	100	100	100	100	100	100	100	100	100	100	100	100	100	100	100	100	100	100	100	100	100	100	1	3	3	3	3	3	5	5	15	20	25	25	80	80	80	100	100	200	200	200	200	200	200	200	200	200	200	200	200	200	200	200	200	200	300	100	100	100	200	200	200	200	150	150	150	150	150	150	150	150	150	150	150	150	150	150	100	100	100	100	100	100	100	100	100	100	100	100	200	200	200	200	200	200	150	150	150	150	150	150	150	150	150	150	150	150	150	150	150	150	150	150	150	150	150	150	150	150	150	150	200	200	200	100	100	100	150	150	100	100	150	150	200	200
升17需要的修为	100	100	100	100	100	100	100	100	100	100	100	100	100	100	100	100	100	100	100	100	100	100	100	100	100	100	100	100	1	3	3	3	3	3	5	5	15	20	25	25	80	80	80	100	100	200	200	200	200	200	200	200	200	200	200	200	200	200	200	200	200	200	300	100	100	100	200	200	200	200	150	150	150	150	150	150	150	150	150	150	150	150	150	150	100	100	100	100	100	100	100	100	100	100	100	100	200	200	200	200	200	200	150	150	150	150	150	150	150	150	150	150	150	150	150	150	150	150	150	150	150	150	150	150	150	150	150	150	200	200	200	100	100	100	150	150	100	100	150	150	200	200
升18需要的修为	100	100	100	100	100	100	100	100	100	100	100	100	100	100	100	100	100	100	100	100	100	100	100	100	100	100	100	100	1	3	3	3	3	3	5	5	15	20	25	25	80	80	80	100	100	200	200	200	200	200	200	200	200	200	200	200	200	200	200	200	200	200	300	100	100	100	200	200	200	200	150	150	150	150	150	150	150	150	150	150	150	150	150	150	100	100	100	100	100	100	100	100	100	100	100	100	200	200	200	200	200	200	150	150	150	150	150	150	150	150	150	150	150	150	150	150	150	150	150	150	150	150	150	150	150	150	150	150	200	200	200	100	100	100	150	150	100	100	150	150	200	200
升19需要的修为	100	100	100	100	100	100	100	100	100	100	100	100	100	100	100	100	100	100	100	100	100	100	100	100	100	100	100	100	1	3	3	3	3	3	5	5	15	20	25	25	80	80	80	100	100	200	200	200	200	200	200	200	200	200	200	200	200	200	200	200	200	200	300	100	100	100	200	200	200	200	150	150	150	150	150	150	150	150	150	150	150	150	150	150	100	100	100	100	100	100	100	100	100	100	100	100	200	200	200	200	200	200	150	150	150	150	150	150	150	150	150	150	150	150	150	150	150	150	150	150	150	150	150	150	150	150	150	150	200	200	200	100	100	100	150	150	100	100	150	150	200	200
升20需要的修为	1000	1000	1000	1000	1000	1000	1000	1000	1000	1000	1000	1000	1000	1000	1000	1000	1000	1000	1000	1000	1000	1000	1000	1000	1000	1000	1000	1000	1	10	10	10	10	10	50	50	100	200	250	250	800	1000	1000	1000	1000	2000	2000	2000	2000	2000	2000	2000	2000	2000	2000	2000	2000	2000	2000	2000	2000	2000	3000	1000	1000	1000	2000	2000	2000	2000	1500	1500	1500	1500	1500	1500	1500	1500	1500	1500	1500	1500	1500	1500	1000	1000	1000	1000	1000	1000	1000	1000	1000	1000	1000	1000	2000	2000	2000	2000	2000	2000	1500	1500	1500	1500	1500	1500	1500	1500	1500	1500	1500	1500	1500	1500	1500	1500	1500	1500	1500	1500	1500	1500	1500	1500	1500	1500	2000	2000	2000	1000	1000	1000	1500	1500	1000	1000	1500	1500	2000	2000
升21需要的修为	100	100	100	100	100	100	100	100	100	100	100	100	100	100	100	100	100	100	100	100	100	100	100	100	100	100	100	100	1	3	3	3	3	3	5	5	15	20	25	25	80	80	80	100	100	200	200	200	200	200	200	200	200	200	200	200	200	200	200	200	200	300	400	100	100	100	300	300	300	300	150	150	150	150	150	150	150	150	150	150	150	150	150	150	100	100	100	100	100	100	100	100	100	100	100	100	200	200	200	200	200	200	150	150	150	150	150	150	150	150	150	150	150	150	150	150	150	150	150	150	150	150	150	150	150	150	150	150	200	200	200	100	100	100	150	150	100	100	150	150	200	200
升22需要的修为	100	100	100	100	100	100	100	100	100	100	100	100	100	100	100	100	100	100	100	100	100	100	100	100	100	100	100	100	1	3	3	3	3	3	5	5	15	20	25	25	80	80	80	100	100	200	200	200	200	200	200	200	200	200	200	200	200	200	200	200	200	300	400	100	100	100	300	300	300	300	150	150	150	150	150	150	150	150	150	150	150	150	150	150	100	100	100	100	100	100	100	100	100	100	100	100	200	200	200	200	200	200	150	150	150	150	150	150	150	150	150	150	150	150	150	150	150	150	150	150	150	150	150	150	150	150	150	150	200	200	200	100	100	100	150	150	100	100	150	150	200	200
升23需要的修为	100	100	100	100	100	100	100	100	100	100	100	100	100	100	100	100	100	100	100	100	100	100	100	100	100	100	100	100	1	3	3	3	3	3	5	5	15	20	25	25	80	80	80	100	100	200	200	200	200	200	200	200	200	200	200	200	200	200	200	200	200	300	400	100	100	100	300	300	300	300	150	150	150	150	150	150	150	150	150	150	150	150	150	150	100	100	100	100	100	100	100	100	100	100	100	100	200	200	200	200	200	200	150	150	150	150	150	150	150	150	150	150	150	150	150	150	150	150	150	150	150	150	150	150	150	150	150	150	200	200	200	100	100	100	150	150	100	100	150	150	200	200
升24需要的修为	100	100	100	100	100	100	100	100	100	100	100	100	100	100	100	100	100	100	100	100	100	100	100	100	100	100	100	100	1	3	3	3	3	3	5	5	15	20	25	25	80	80	80	100	100	200	200	200	200	200	200	200	200	200	200	200	200	200	200	200	200	300	400	100	100	100	300	300	300	300	150	150	150	150	150	150	150	150	150	150	150	150	150	150	100	100	100	100	100	100	100	100	100	100	100	100	200	200	200	200	200	200	150	150	150	150	150	150	150	150	150	150	150	150	150	150	150	150	150	150	150	150	150	150	150	150	150	150	200	200	200	100	100	100	150	150	100	100	150	150	200	200
升25需要的修为	100	100	100	100	100	100	100	100	100	100	100	100	100	100	100	100	100	100	100	100	100	100	100	100	100	100	100	100	1	3	3	3	3	3	5	5	15	20	25	25	80	80	80	100	100	200	200	200	200	200	200	200	200	200	200	200	200	200	200	200	200	300	400	100	100	100	300	300	300	300	150	150	150	150	150	150	150	150	150	150	150	150	150	150	100	100	100	100	100	100	100	100	100	100	100	100	200	200	200	200	200	200	150	150	150	150	150	150	150	150	150	150	150	150	150	150	150	150	150	150	150	150	150	150	150	150	150	150	200	200	200	100	100	100	150	150	100	100	150	150	200	200
升26需要的修为	100	100	100	100	100	100	100	100	100	100	100	100	100	100	100	100	100	100	100	100	100	100	100	100	100	100	100	100	1	3	3	3	3	3	5	5	15	20	25	25	80	80	80	100	100	200	200	200	200	200	200	200	200	200	200	200	200	200	200	200	200	300	400	100	100	100	300	300	300	300	150	150	150	150	150	150	150	150	150	150	150	150	150	150	100	100	100	100	100	100	100	100	100	100	100	100	200	200	200	200	200	200	150	150	150	150	150	150	150	150	150	150	150	150	150	150	150	150	150	150	150	150	150	150	150	150	150	150	200	200	200	100	100	100	150	150	100	100	150	150	200	200
升27需要的修为	100	100	100	100	100	100	100	100	100	100	100	100	100	100	100	100	100	100	100	100	100	100	100	100	100	100	100	100	1	3	3	3	3	3	5	5	15	20	25	25	80	80	80	100	100	200	200	200	200	200	200	200	200	200	200	200	200	200	200	200	200	300	400	100	100	100	300	300	300	300	150	150	150	150	150	150	150	150	150	150	150	150	150	150	100	100	100	100	100	100	100	100	100	100	100	100	200	200	200	200	200	200	150	150	150	150	150	150	150	150	150	150	150	150	150	150	150	150	150	150	150	150	150	150	150	150	150	150	200	200	200	100	100	100	150	150	100	100	150	150	200	200
升28需要的修为	100	100	100	100	100	100	100	100	100	100	100	100	100	100	100	100	100	100	100	100	100	100	100	100	100	100	100	100	1	3	3	3	3	3	5	5	15	20	25	25	80	80	80	100	100	200	200	200	200	200	200	200	200	200	200	200	200	200	200	200	200	300	400	100	100	100	300	300	300	300	150	150	150	150	150	150	150	150	150	150	150	150	150	150	100	100	100	100	100	100	100	100	100	100	100	100	200	200	200	200	200	200	150	150	150	150	150	150	150	150	150	150	150	150	150	150	150	150	150	150	150	150	150	150	150	150	150	150	200	200	200	100	100	100	150	150	100	100	150	150	200	200
升29需要的修为	100	100	100	100	100	100	100	100	100	100	100	100	100	100	100	100	100	100	100	100	100	100	100	100	100	100	100	100	1	3	3	3	3	3	5	5	15	20	25	25	80	80	80	100	100	200	200	200	200	200	200	200	200	200	200	200	200	200	200	200	200	300	400	100	100	100	300	300	300	300	150	150	150	150	150	150	150	150	150	150	150	150	150	150	100	100	100	100	100	100	100	100	100	100	100	100	200	200	200	200	200	200	150	150	150	150	150	150	150	150	150	150	150	150	150	150	150	150	150	150	150	150	150	150	150	150	150	150	200	200	200	100	100	100	150	150	100	100	150	150	200	200
升30需要的修为	1000	1000	1000	1000	1000	1000	1000	1000	1000	1000	1000	1000	1000	1000	1000	1000	1000	1000	1000	1000	1000	1000	1000	1000	1000	1000	1000	1000	1	10	10	10	10	10	50	50	100	200	250	250	800	1000	1000	1000	1000	2000	2000	2000	2000	2000	2000	2000	2000	2000	2000	2000	2000	2000	2000	2000	2000	3000	4000	1000	1000	1000	3000	3000	3000	3000	1500	1500	1500	1500	1500	1500	1500	1500	1500	1500	1500	1500	1500	1500	1000	1000	1000	1000	1000	1000	1000	1000	1000	1000	1000	1000	2000	2000	2000	2000	2000	2000	1500	1500	1500	1500	1500	1500	1500	1500	1500	1500	1500	1500	1500	1500	1500	1500	1500	1500	1500	1500	1500	1500	1500	1500	1500	1500	2000	2000	2000	1000	1000	1000	1500	1500	1000	1000	1500	1500	2000	2000
升31需要的修为	100	100	100	100	100	100	100	100	100	100	100	100	100	100	100	100	100	100	100	100	100	100	100	100	100	100	100	100	1	3	3	3	3	3	5	5	15	20	25	25	80	80	80	100	100	200	200	200	200	200	200	200	200	200	200	200	200	200	200	200	200	300	500	100	100	100	300	300	300	300	150	150	150	150	150	150	150	150	150	150	150	150	150	150	100	100	100	100	100	100	100	100	100	100	100	100	200	200	200	200	200	200	150	150	150	150	150	150	150	150	150	150	150	150	150	150	150	150	150	150	150	150	150	150	150	150	150	150	200	200	200	100	100	100	150	150	100	100	150	150	200	200
升32需要的修为	100	100	100	100	100	100	100	100	100	100	100	100	100	100	100	100	100	100	100	100	100	100	100	100	100	100	100	100	1	3	3	3	3	3	5	5	15	20	25	25	80	80	80	100	100	200	200	200	200	200	200	200	200	200	200	200	200	200	200	200	200	300	500	100	100	100	300	300	300	300	150	150	150	150	150	150	150	150	150	150	150	150	150	150	100	100	100	100	100	100	100	100	100	100	100	100	200	200	200	200	200	200	150	150	150	150	150	150	150	150	150	150	150	150	150	150	150	150	150	150	150	150	150	150	150	150	150	150	200	200	200	100	100	100	150	150	100	100	150	150	200	200
升33需要的修为	100	100	100	100	100	100	100	100	100	100	100	100	100	100	100	100	100	100	100	100	100	100	100	100	100	100	100	100	1	3	3	3	3	3	5	5	15	20	25	25	80	80	80	100	100	200	200	200	200	200	200	200	200	200	200	200	200	200	200	200	200	300	500	100	100	100	300	300	300	300	150	150	150	150	150	150	150	150	150	150	150	150	150	150	100	100	100	100	100	100	100	100	100	100	100	100	200	200	200	200	200	200	150	150	150	150	150	150	150	150	150	150	150	150	150	150	150	150	150	150	150	150	150	150	150	150	150	150	200	200	200	100	100	100	150	150	100	100	150	150	200	200
升34需要的修为	100	100	100	100	100	100	100	100	100	100	100	100	100	100	100	100	100	100	100	100	100	100	100	100	100	100	100	100	1	3	3	3	3	3	5	5	15	20	25	25	80	80	80	100	100	200	200	200	200	200	200	200	200	200	200	200	200	200	200	200	200	300	500	100	100	100	300	300	300	300	150	150	150	150	150	150	150	150	150	150	150	150	150	150	100	100	100	100	100	100	100	100	100	100	100	100	200	200	200	200	200	200	150	150	150	150	150	150	150	150	150	150	150	150	150	150	150	150	150	150	150	150	150	150	150	150	150	150	200	200	200	100	100	100	150	150	100	100	150	150	200	200
升35需要的修为	100	100	100	100	100	100	100	100	100	100	100	100	100	100	100	100	100	100	100	100	100	100	100	100	100	100	100	100	1	3	3	3	3	3	5	5	15	20	25	25	80	80	80	100	100	200	200	200	200	200	200	200	200	200	200	200	200	200	200	200	200	300	500	100	100	100	300	300	300	300	150	150	150	150	150	150	150	150	150	150	150	150	150	150	100	100	100	100	100	100	100	100	100	100	100	100	200	200	200	200	200	200	150	150	150	150	150	150	150	150	150	150	150	150	150	150	150	150	150	150	150	150	150	150	150	150	150	150	200	200	200	100	100	100	150	150	100	100	150	150	200	200
升36需要的修为	100	100	100	100	100	100	100	100	100	100	100	100	100	100	100	100	100	100	100	100	100	100	100	100	100	100	100	100	1	3	3	3	3	3	5	5	15	20	25	25	80	80	80	100	100	200	200	200	200	200	200	200	200	200	200	200	200	200	200	200	200	300	500	100	100	100	300	300	300	300	150	150	150	150	150	150	150	150	150	150	150	150	150	150	100	100	100	100	100	100	100	100	100	100	100	100	200	200	200	200	200	200	150	150	150	150	150	150	150	150	150	150	150	150	150	150	150	150	150	150	150	150	150	150	150	150	150	150	200	200	200	100	100	100	150	150	100	100	150	150	200	200
升37需要的修为	100	100	100	100	100	100	100	100	100	100	100	100	100	100	100	100	100	100	100	100	100	100	100	100	100	100	100	100	1	3	3	3	3	3	5	5	15	20	25	25	80	80	80	100	100	200	200	200	200	200	200	200	200	200	200	200	200	200	200	200	200	300	500	100	100	100	300	300	300	300	150	150	150	150	150	150	150	150	150	150	150	150	150	150	100	100	100	100	100	100	100	100	100	100	100	100	200	200	200	200	200	200	150	150	150	150	150	150	150	150	150	150	150	150	150	150	150	150	150	150	150	150	150	150	150	150	150	150	200	200	200	100	100	100	150	150	100	100	150	150	200	200
升38需要的修为	100	100	100	100	100	100	100	100	100	100	100	100	100	100	100	100	100	100	100	100	100	100	100	100	100	100	100	100	1	3	3	3	3	3	5	5	15	20	25	25	80	80	80	100	100	200	200	200	200	200	200	200	200	200	200	200	200	200	200	200	200	300	500	100	100	100	300	300	300	300	150	150	150	150	150	150	150	150	150	150	150	150	150	150	100	100	100	100	100	100	100	100	100	100	100	100	200	200	200	200	200	200	150	150	150	150	150	150	150	150	150	150	150	150	150	150	150	150	150	150	150	150	150	150	150	150	150	150	200	200	200	100	100	100	150	150	100	100	150	150	200	200
升39需要的修为	100	100	100	100	100	100	100	100	100	100	100	100	100	100	100	100	100	100	100	100	100	100	100	100	100	100	100	100	1	3	3	3	3	3	5	5	15	20	25	25	80	80	80	100	100	200	200	200	200	200	200	200	200	200	200	200	200	200	200	200	200	300	500	100	100	100	300	300	300	300	150	150	150	150	150	150	150	150	150	150	150	150	150	150	100	100	100	100	100	100	100	100	100	100	100	100	200	200	200	200	200	200	150	150	150	150	150	150	150	150	150	150	150	150	150	150	150	150	150	150	150	150	150	150	150	150	150	150	200	200	200	100	100	100	150	150	100	100	150	150	200	200
升40需要的修为	1000	1000	1000	1000	1000	1000	1000	1000	1000	1000	1000	1000	1000	1000	1000	1000	1000	1000	1000	1000	1000	1000	1000	1000	1000	1000	1000	1000	1	10	10	10	10	10	50	50	100	200	250	250	800	1000	1000	1000	1000	2000	2000	2000	2000	2000	2000	2000	2000	2000	2000	2000	2000	2000	2000	2000	2000	3000	5000	1000	1000	1000	3000	3000	3000	3000	1500	1500	1500	1500	1500	1500	1500	1500	1500	1500	1500	1500	1500	1500	1000	1000	1000	1000	1000	1000	1000	1000	1000	1000	1000	1000	2000	2000	2000	2000	2000	2000	1500	1500	1500	1500	1500	1500	1500	1500	1500	1500	1500	1500	1500	1500	1500	1500	1500	1500	1500	1500	1500	1500	1500	1500	1500	1500	2000	2000	2000	1000	1000	1000	1500	1500	1000	1000	1500	1500	2000	2000
升41需要的修为	100	100	100	100	100	100	100	100	100	100	100	100	100	100	100	100	100	100	100	100	100	100	100	100	100	100	100	100	1	3	3	3	3	3	5	5	15	20	25	25	80	80	80	100	100	200	200	200	200	200	200	200	200	200	200	200	200	200	200	200	200	400	600	100	100	100	400	400	400	400	150	150	150	150	150	150	150	150	150	150	150	150	150	150	100	100	100	100	100	100	100	100	100	100	100	100	200	200	200	200	200	200	150	150	150	150	150	150	150	150	150	150	150	150	150	150	150	150	150	150	150	150	150	150	150	150	150	150	200	200	200	100	100	100	150	150	100	100	150	150	200	200
升42需要的修为	100	100	100	100	100	100	100	100	100	100	100	100	100	100	100	100	100	100	100	100	100	100	100	100	100	100	100	100	1	3	3	3	3	3	5	5	15	20	25	25	80	80	80	100	100	200	200	200	200	200	200	200	200	200	200	200	200	200	200	200	200	400	600	100	100	100	400	400	400	400	150	150	150	150	150	150	150	150	150	150	150	150	150	150	100	100	100	100	100	100	100	100	100	100	100	100	200	200	200	200	200	200	150	150	150	150	150	150	150	150	150	150	150	150	150	150	150	150	150	150	150	150	150	150	150	150	150	150	200	200	200	100	100	100	150	150	100	100	150	150	200	200
升43需要的修为	100	100	100	100	100	100	100	100	100	100	100	100	100	100	100	100	100	100	100	100	100	100	100	100	100	100	100	100	1	3	3	3	3	3	5	5	15	20	25	25	80	80	80	100	100	200	200	200	200	200	200	200	200	200	200	200	200	200	200	200	200	400	600	100	100	100	400	400	400	400	150	150	150	150	150	150	150	150	150	150	150	150	150	150	100	100	100	100	100	100	100	100	100	100	100	100	200	200	200	200	200	200	150	150	150	150	150	150	150	150	150	150	150	150	150	150	150	150	150	150	150	150	150	150	150	150	150	150	200	200	200	100	100	100	150	150	100	100	150	150	200	200
升44需要的修为	100	100	100	100	100	100	100	100	100	100	100	100	100	100	100	100	100	100	100	100	100	100	100	100	100	100	100	100	1	3	3	3	3	3	5	5	15	20	25	25	80	80	80	100	100	200	200	200	200	200	200	200	200	200	200	200	200	200	200	200	200	400	600	100	100	100	400	400	400	400	150	150	150	150	150	150	150	150	150	150	150	150	150	150	100	100	100	100	100	100	100	100	100	100	100	100	200	200	200	200	200	200	150	150	150	150	150	150	150	150	150	150	150	150	150	150	150	150	150	150	150	150	150	150	150	150	150	150	200	200	200	100	100	100	150	150	100	100	150	150	200	200
升45需要的修为	100	100	100	100	100	100	100	100	100	100	100	100	100	100	100	100	100	100	100	100	100	100	100	100	100	100	100	100	1	3	3	3	3	3	5	5	15	20	25	25	80	80	80	100	100	200	200	200	200	200	200	200	200	200	200	200	200	200	200	200	200	400	600	100	100	100	400	400	400	400	150	150	150	150	150	150	150	150	150	150	150	150	150	150	100	100	100	100	100	100	100	100	100	100	100	100	200	200	200	200	200	200	150	150	150	150	150	150	150	150	150	150	150	150	150	150	150	150	150	150	150	150	150	150	150	150	150	150	200	200	200	100	100	100	150	150	100	100	150	150	200	200
升46需要的修为	100	100	100	100	100	100	100	100	100	100	100	100	100	100	100	100	100	100	100	100	100	100	100	100	100	100	100	100	1	3	3	3	3	3	5	5	15	20	25	25	80	80	80	100	100	200	200	200	200	200	200	200	200	200	200	200	200	200	200	200	200	400	600	100	100	100	400	400	400	400	150	150	150	150	150	150	150	150	150	150	150	150	150	150	100	100	100	100	100	100	100	100	100	100	100	100	200	200	200	200	200	200	150	150	150	150	150	150	150	150	150	150	150	150	150	150	150	150	150	150	150	150	150	150	150	150	150	150	200	200	200	100	100	100	150	150	100	100	150	150	200	200
升47需要的修为	100	100	100	100	100	100	100	100	100	100	100	100	100	100	100	100	100	100	100	100	100	100	100	100	100	100	100	100	1	3	3	3	3	3	5	5	15	20	25	25	80	80	80	100	100	200	200	200	200	200	200	200	200	200	200	200	200	200	200	200	200	400	600	100	100	100	400	400	400	400	150	150	150	150	150	150	150	150	150	150	150	150	150	150	100	100	100	100	100	100	100	100	100	100	100	100	200	200	200	200	200	200	150	150	150	150	150	150	150	150	150	150	150	150	150	150	150	150	150	150	150	150	150	150	150	150	150	150	200	200	200	100	100	100	150	150	100	100	150	150	200	200
升48需要的修为	100	100	100	100	100	100	100	100	100	100	100	100	100	100	100	100	100	100	100	100	100	100	100	100	100	100	100	100	1	3	3	3	3	3	5	5	15	20	25	25	80	80	80	100	100	200	200	200	200	200	200	200	200	200	200	200	200	200	200	200	200	400	600	100	100	100	400	400	400	400	150	150	150	150	150	150	150	150	150	150	150	150	150	150	100	100	100	100	100	100	100	100	100	100	100	100	200	200	200	200	200	200	150	150	150	150	150	150	150	150	150	150	150	150	150	150	150	150	150	150	150	150	150	150	150	150	150	150	200	200	200	100	100	100	150	150	100	100	150	150	200	200
升49需要的修为	100	100	100	100	100	100	100	100	100	100	100	100	100	100	100	100	100	100	100	100	100	100	100	100	100	100	100	100	1	3	3	3	3	3	5	5	15	20	25	25	80	80	80	100	100	200	200	200	200	200	200	200	200	200	200	200	200	200	200	200	200	400	600	100	100	100	400	400	400	400	150	150	150	150	150	150	150	150	150	150	150	150	150	150	100	100	100	100	100	100	100	100	100	100	100	100	200	200	200	200	200	200	150	150	150	150	150	150	150	150	150	150	150	150	150	150	150	150	150	150	150	150	150	150	150	150	150	150	200	200	200	100	100	100	150	150	100	100	150	150	200	200
升50需要的修为	1000	1000	1000	1000	1000	1000	1000	1000	1000	1000	1000	1000	1000	1000	1000	1000	1000	1000	1000	1000	1000	1000	1000	1000	1000	1000	1000	1000	1	10	10	10	10	10	50	50	100	200	250	250	800	1000	1000	1000	1000	2000	2000	2000	2000	2000	2000	2000	2000	2000	2000	2000	2000	2000	2000	2000	2000	4000	6000	1000	1000	1000	4000	4000	4000	4000	1500	1500	1500	1500	1500	1500	1500	1500	1500	1500	1500	1500	1500	1500	1000	1000	1000	1000	1000	1000	1000	1000	1000	1000	1000	1000	2000	2000	2000	2000	2000	2000	1500	1500	1500	1500	1500	1500	1500	1500	1500	1500	1500	1500	1500	1500	1500	1500	1500	1500	1500	1500	1500	1500	1500	1500	1500	1500	2000	2000	2000	1000	1000	1000	1500	1500	1000	1000	1500	1500	2000	2000
升51需要的修为	100	100	100	100	100	100	100	100	100	100	100	100	100	100	100	100	100	100	100	100	100	100	100	100	100	100	100	100	1	3	3	3	3	3	5	5	15	20	25	25	80	80	80	100	100	200	300	300	300	300	300	300	300	300	300	300	300	300	300	300	200	400	700	100	100	100	400	400	400	400	150	150	150	150	150	150	150	150	150	150	150	150	150	150	100	100	100	100	100	100	100	100	100	100	100	100	300	300	300	300	300	300	150	150	150	150	150	150	150	150	150	150	150	150	150	150	150	150	150	150	150	150	150	150	150	150	150	150	200	200	200	100	100	100	150	150	100	100	150	150	300	300
升52需要的修为	100	100	100	100	100	100	100	100	100	100	100	100	100	100	100	100	100	100	100	100	100	100	100	100	100	100	100	100	1	3	3	3	3	3	5	5	15	20	25	25	80	80	80	100	100	200	300	300	300	300	300	300	300	300	300	300	300	300	300	300	200	400	700	100	100	100	400	400	400	400	150	150	150	150	150	150	150	150	150	150	150	150	150	150	100	100	100	100	100	100	100	100	100	100	100	100	300	300	300	300	300	300	150	150	150	150	150	150	150	150	150	150	150	150	150	150	150	150	150	150	150	150	150	150	150	150	150	150	200	200	200	100	100	100	150	150	100	100	150	150	300	300
升53需要的修为	100	100	100	100	100	100	100	100	100	100	100	100	100	100	100	100	100	100	100	100	100	100	100	100	100	100	100	100	1	3	3	3	3	3	5	5	15	20	25	25	80	80	80	100	100	200	300	300	300	300	300	300	300	300	300	300	300	300	300	300	200	400	700	100	100	100	400	400	400	400	150	150	150	150	150	150	150	150	150	150	150	150	150	150	100	100	100	100	100	100	100	100	100	100	100	100	300	300	300	300	300	300	150	150	150	150	150	150	150	150	150	150	150	150	150	150	150	150	150	150	150	150	150	150	150	150	150	150	200	200	200	100	100	100	150	150	100	100	150	150	300	300
升54需要的修为	100	100	100	100	100	100	100	100	100	100	100	100	100	100	100	100	100	100	100	100	100	100	100	100	100	100	100	100	1	3	3	3	3	3	5	5	15	20	25	25	80	80	80	100	100	200	300	300	300	300	300	300	300	300	300	300	300	300	300	300	200	400	700	100	100	100	400	400	400	400	150	150	150	150	150	150	150	150	150	150	150	150	150	150	100	100	100	100	100	100	100	100	100	100	100	100	300	300	300	300	300	300	150	150	150	150	150	150	150	150	150	150	150	150	150	150	150	150	150	150	150	150	150	150	150	150	150	150	200	200	200	100	100	100	150	150	100	100	150	150	300	300
升55需要的修为	100	100	100	100	100	100	100	100	100	100	100	100	100	100	100	100	100	100	100	100	100	100	100	100	100	100	100	100	1	3	3	3	3	3	5	5	15	20	25	25	80	80	80	100	100	200	300	300	300	300	300	300	300	300	300	300	300	300	300	300	200	400	700	100	100	100	400	400	400	400	150	150	150	150	150	150	150	150	150	150	150	150	150	150	100	100	100	100	100	100	100	100	100	100	100	100	300	300	300	300	300	300	150	150	150	150	150	150	150	150	150	150	150	150	150	150	150	150	150	150	150	150	150	150	150	150	150	150	200	200	200	100	100	100	150	150	100	100	150	150	300	300
升56需要的修为	100	100	100	100	100	100	100	100	100	100	100	100	100	100	100	100	100	100	100	100	100	100	100	100	100	100	100	100	1	3	3	3	3	3	5	5	15	20	25	25	80	80	80	100	100	200	300	300	300	300	300	300	300	300	300	300	300	300	300	300	200	400	700	100	100	100	400	400	400	400	150	150	150	150	150	150	150	150	150	150	150	150	150	150	100	100	100	100	100	100	100	100	100	100	100	100	300	300	300	300	300	300	150	150	150	150	150	150	150	150	150	150	150	150	150	150	150	150	150	150	150	150	150	150	150	150	150	150	200	200	200	100	100	100	150	150	100	100	150	150	300	300
升57需要的修为	100	100	100	100	100	100	100	100	100	100	100	100	100	100	100	100	100	100	100	100	100	100	100	100	100	100	100	100	1	3	3	3	3	3	5	5	15	20	25	25	80	80	80	100	100	200	300	300	300	300	300	300	300	300	300	300	300	300	300	300	200	400	700	100	100	100	400	400	400	400	150	150	150	150	150	150	150	150	150	150	150	150	150	150	100	100	100	100	100	100	100	100	100	100	100	100	300	300	300	300	300	300	150	150	150	150	150	150	150	150	150	150	150	150	150	150	150	150	150	150	150	150	150	150	150	150	150	150	200	200	200	100	100	100	150	150	100	100	150	150	300	300
升58需要的修为	100	100	100	100	100	100	100	100	100	100	100	100	100	100	100	100	100	100	100	100	100	100	100	100	100	100	100	100	1	3	3	3	3	3	5	5	15	20	25	25	80	80	80	100	100	200	300	300	300	300	300	300	300	300	300	300	300	300	300	300	200	400	700	100	100	100	400	400	400	400	150	150	150	150	150	150	150	150	150	150	150	150	150	150	100	100	100	100	100	100	100	100	100	100	100	100	300	300	300	300	300	300	150	150	150	150	150	150	150	150	150	150	150	150	150	150	150	150	150	150	150	150	150	150	150	150	150	150	200	200	200	100	100	100	150	150	100	100	150	150	300	300
升59需要的修为	100	100	100	100	100	100	100	100	100	100	100	100	100	100	100	100	100	100	100	100	100	100	100	100	100	100	100	100	1	3	3	3	3	3	5	5	15	20	25	25	80	80	80	100	100	200	300	300	300	300	300	300	300	300	300	300	300	300	300	300	200	400	700	100	100	100	400	400	400	400	150	150	150	150	150	150	150	150	150	150	150	150	150	150	100	100	100	100	100	100	100	100	100	100	100	100	300	300	300	300	300	300	150	150	150	150	150	150	150	150	150	150	150	150	150	150	150	150	150	150	150	150	150	150	150	150	150	150	200	200	200	100	100	100	150	150	100	100	150	150	300	300
升60需要的修为	1000	1000	1000	1000	1000	1000	1000	1000	1000	1000	1000	1000	1000	1000	1000	1000	1000	1000	1000	1000	1000	1000	1000	1000	1000	1000	1000	1000	1	10	10	10	10	10	50	50	100	200	250	250	800	1000	1000	1000	1000	2000	3000	3000	3000	3000	3000	3000	3000	3000	3000	3000	3000	3000	3000	3000	2000	4000	7000	1000	1000	1000	4000	4000	4000	4000	1500	1500	1500	1500	1500	1500	1500	1500	1500	1500	1500	1500	1500	1500	1000	1000	1000	1000	1000	1000	1000	1000	1000	1000	1000	1000	3000	3000	3000	3000	3000	3000	1500	1500	1500	1500	1500	1500	1500	1500	1500	1500	1500	1500	1500	1500	1500	1500	1500	1500	1500	1500	1500	1500	1500	1500	1500	1500	2000	2000	2000	1000	1000	1000	1500	1500	1000	1000	1500	1500	3000	3000
升61需要的修为	100	100	100	100	100	100	100	100	100	100	100	100	100	100	100	100	100	100	100	100	100	100	100	100	100	100	100	100	1	3	3	3	3	3	5	5	15	20	25	25	80	80	80	100	100	200	300	300	300	300	300	300	300	300	300	300	300	300	300	300	200	500	800	100	100	100	500	500	500	500	150	150	150	150	150	150	150	150	150	150	150	150	150	150	100	100	100	100	100	100	100	100	100	100	100	100	300	300	300	300	300	300	150	150	150	150	150	150	150	150	150	150	150	150	150	150	150	150	150	150	150	150	150	150	150	150	150	150	200	200	200	100	100	100	150	150	100	100	150	150	300	300
升62需要的修为	100	100	100	100	100	100	100	100	100	100	100	100	100	100	100	100	100	100	100	100	100	100	100	100	100	100	100	100	1	3	3	3	3	3	5	5	15	20	25	25	80	80	80	100	100	200	300	300	300	300	300	300	300	300	300	300	300	300	300	300	200	500	800	100	100	100	500	500	500	500	150	150	150	150	150	150	150	150	150	150	150	150	150	150	100	100	100	100	100	100	100	100	100	100	100	100	300	300	300	300	300	300	150	150	150	150	150	150	150	150	150	150	150	150	150	150	150	150	150	150	150	150	150	150	150	150	150	150	200	200	200	100	100	100	150	150	100	100	150	150	300	300
升63需要的修为	100	100	100	100	100	100	100	100	100	100	100	100	100	100	100	100	100	100	100	100	100	100	100	100	100	100	100	100	1	3	3	3	3	3	5	5	15	20	25	25	80	80	80	100	100	200	300	300	300	300	300	300	300	300	300	300	300	300	300	300	200	500	800	100	100	100	500	500	500	500	150	150	150	150	150	150	150	150	150	150	150	150	150	150	100	100	100	100	100	100	100	100	100	100	100	100	300	300	300	300	300	300	150	150	150	150	150	150	150	150	150	150	150	150	150	150	150	150	150	150	150	150	150	150	150	150	150	150	200	200	200	100	100	100	150	150	100	100	150	150	300	300
升64需要的修为	100	100	100	100	100	100	100	100	100	100	100	100	100	100	100	100	100	100	100	100	100	100	100	100	100	100	100	100	1	3	3	3	3	3	5	5	15	20	25	25	80	80	80	100	100	200	300	300	300	300	300	300	300	300	300	300	300	300	300	300	200	500	800	100	100	100	500	500	500	500	150	150	150	150	150	150	150	150	150	150	150	150	150	150	100	100	100	100	100	100	100	100	100	100	100	100	300	300	300	300	300	300	150	150	150	150	150	150	150	150	150	150	150	150	150	150	150	150	150	150	150	150	150	150	150	150	150	150	200	200	200	100	100	100	150	150	100	100	150	150	300	300
升65需要的修为	100	100	100	100	100	100	100	100	100	100	100	100	100	100	100	100	100	100	100	100	100	100	100	100	100	100	100	100	1	3	3	3	3	3	5	5	15	20	25	25	80	80	80	100	100	200	300	300	300	300	300	300	300	300	300	300	300	300	300	300	200	500	800	100	100	100	500	500	500	500	150	150	150	150	150	150	150	150	150	150	150	150	150	150	100	100	100	100	100	100	100	100	100	100	100	100	300	300	300	300	300	300	150	150	150	150	150	150	150	150	150	150	150	150	150	150	150	150	150	150	150	150	150	150	150	150	150	150	200	200	200	100	100	100	150	150	100	100	150	150	300	300
升66需要的修为	100	100	100	100	100	100	100	100	100	100	100	100	100	100	100	100	100	100	100	100	100	100	100	100	100	100	100	100	1	3	3	3	3	3	5	5	15	20	25	25	80	80	80	100	100	200	300	300	300	300	300	300	300	300	300	300	300	300	300	300	200	500	800	100	100	100	500	500	500	500	150	150	150	150	150	150	150	150	150	150	150	150	150	150	100	100	100	100	100	100	100	100	100	100	100	100	300	300	300	300	300	300	150	150	150	150	150	150	150	150	150	150	150	150	150	150	150	150	150	150	150	150	150	150	150	150	150	150	200	200	200	100	100	100	150	150	100	100	150	150	300	300
升67需要的修为	100	100	100	100	100	100	100	100	100	100	100	100	100	100	100	100	100	100	100	100	100	100	100	100	100	100	100	100	1	3	3	3	3	3	5	5	15	20	25	25	80	80	80	100	100	200	300	300	300	300	300	300	300	300	300	300	300	300	300	300	200	500	800	100	100	100	500	500	500	500	150	150	150	150	150	150	150	150	150	150	150	150	150	150	100	100	100	100	100	100	100	100	100	100	100	100	300	300	300	300	300	300	150	150	150	150	150	150	150	150	150	150	150	150	150	150	150	150	150	150	150	150	150	150	150	150	150	150	200	200	200	100	100	100	150	150	100	100	150	150	300	300
升68需要的修为	100	100	100	100	100	100	100	100	100	100	100	100	100	100	100	100	100	100	100	100	100	100	100	100	100	100	100	100	1	3	3	3	3	3	5	5	15	20	25	25	80	80	80	100	100	200	300	300	300	300	300	300	300	300	300	300	300	300	300	300	200	500	800	100	100	100	500	500	500	500	150	150	150	150	150	150	150	150	150	150	150	150	150	150	100	100	100	100	100	100	100	100	100	100	100	100	300	300	300	300	300	300	150	150	150	150	150	150	150	150	150	150	150	150	150	150	150	150	150	150	150	150	150	150	150	150	150	150	200	200	200	100	100	100	150	150	100	100	150	150	300	300
升69需要的修为	100	100	100	100	100	100	100	100	100	100	100	100	100	100	100	100	100	100	100	100	100	100	100	100	100	100	100	100	1	3	3	3	3	3	5	5	15	20	25	25	80	80	80	100	100	200	300	300	300	300	300	300	300	300	300	300	300	300	300	300	200	500	800	100	100	100	500	500	500	500	150	150	150	150	150	150	150	150	150	150	150	150	150	150	100	100	100	100	100	100	100	100	100	100	100	100	300	300	300	300	300	300	150	150	150	150	150	150	150	150	150	150	150	150	150	150	150	150	150	150	150	150	150	150	150	150	150	150	200	200	200	100	100	100	150	150	100	100	150	150	300	300
升70需要的修为	1000	1000	1000	1000	1000	1000	1000	1000	1000	1000	1000	1000	1000	1000	1000	1000	1000	1000	1000	1000	1000	1000	1000	1000	1000	1000	1000	1000	1	10	10	10	10	10	50	50	100	200	250	250	800	1000	1000	1000	1000	2000	3000	3000	3000	3000	3000	3000	3000	3000	3000	3000	3000	3000	3000	3000	2000	5000	8000	1000	1000	1000	5000	5000	5000	5000	1500	1500	1500	1500	1500	1500	1500	1500	1500	1500	1500	1500	1500	1500	1000	1000	1000	1000	1000	1000	1000	1000	1000	1000	1000	1000	3000	3000	3000	3000	3000	3000	1500	1500	1500	1500	1500	1500	1500	1500	1500	1500	1500	1500	1500	1500	1500	1500	1500	1500	1500	1500	1500	1500	1500	1500	1500	1500	2000	2000	2000	1000	1000	1000	1500	1500	1000	1000	1500	1500	3000	3000
升71需要的修为	100	100	100	100	100	100	100	100	100	100	100	100	100	100	100	100	100	100	100	100	100	100	100	100	100	100	100	100	1	3	3	3	3	3	5	5	15	20	25	25	80	80	80	100	100	200	300	300	300	300	300	300	300	300	300	300	300	300	300	300	200	500	900	100	100	100	500	500	500	500	150	150	150	150	150	150	150	150	150	150	150	150	150	150	100	100	100	100	100	100	100	100	100	100	100	100	300	300	300	300	300	300	150	150	150	150	150	150	150	150	150	150	150	150	150	150	150	150	150	150	150	150	150	150	150	150	150	150	200	200	200	100	100	100	150	150	100	100	150	150	300	300
升72需要的修为	100	100	100	100	100	100	100	100	100	100	100	100	100	100	100	100	100	100	100	100	100	100	100	100	100	100	100	100	1	3	3	3	3	3	5	5	15	20	25	25	80	80	80	100	100	200	300	300	300	300	300	300	300	300	300	300	300	300	300	300	200	500	900	100	100	100	500	500	500	500	150	150	150	150	150	150	150	150	150	150	150	150	150	150	100	100	100	100	100	100	100	100	100	100	100	100	300	300	300	300	300	300	150	150	150	150	150	150	150	150	150	150	150	150	150	150	150	150	150	150	150	150	150	150	150	150	150	150	200	200	200	100	100	100	150	150	100	100	150	150	300	300
升73需要的修为	100	100	100	100	100	100	100	100	100	100	100	100	100	100	100	100	100	100	100	100	100	100	100	100	100	100	100	100	1	3	3	3	3	3	5	5	15	20	25	25	80	80	80	100	100	200	300	300	300	300	300	300	300	300	300	300	300	300	300	300	200	500	900	100	100	100	500	500	500	500	150	150	150	150	150	150	150	150	150	150	150	150	150	150	100	100	100	100	100	100	100	100	100	100	100	100	300	300	300	300	300	300	150	150	150	150	150	150	150	150	150	150	150	150	150	150	150	150	150	150	150	150	150	150	150	150	150	150	200	200	200	100	100	100	150	150	100	100	150	150	300	300
升74需要的修为	100	100	100	100	100	100	100	100	100	100	100	100	100	100	100	100	100	100	100	100	100	100	100	100	100	100	100	100	1	3	3	3	3	3	5	5	15	20	25	25	80	80	80	100	100	200	300	300	300	300	300	300	300	300	300	300	300	300	300	300	200	500	900	100	100	100	500	500	500	500	150	150	150	150	150	150	150	150	150	150	150	150	150	150	100	100	100	100	100	100	100	100	100	100	100	100	300	300	300	300	300	300	150	150	150	150	150	150	150	150	150	150	150	150	150	150	150	150	150	150	150	150	150	150	150	150	150	150	200	200	200	100	100	100	150	150	100	100	150	150	300	300
升75需要的修为	100	100	100	100	100	100	100	100	100	100	100	100	100	100	100	100	100	100	100	100	100	100	100	100	100	100	100	100	1	3	3	3	3	3	5	5	15	20	25	25	80	80	80	100	100	200	300	300	300	300	300	300	300	300	300	300	300	300	300	300	200	500	900	100	100	100	500	500	500	500	150	150	150	150	150	150	150	150	150	150	150	150	150	150	100	100	100	100	100	100	100	100	100	100	100	100	300	300	300	300	300	300	150	150	150	150	150	150	150	150	150	150	150	150	150	150	150	150	150	150	150	150	150	150	150	150	150	150	200	200	200	100	100	100	150	150	100	100	150	150	300	300
升76需要的修为	100	100	100	100	100	100	100	100	100	100	100	100	100	100	100	100	100	100	100	100	100	100	100	100	100	100	100	100	1	3	3	3	3	3	5	5	15	20	25	25	80	80	80	100	100	200	300	300	300	300	300	300	300	300	300	300	300	300	300	300	200	500	900	100	100	100	500	500	500	500	150	150	150	150	150	150	150	150	150	150	150	150	150	150	100	100	100	100	100	100	100	100	100	100	100	100	300	300	300	300	300	300	150	150	150	150	150	150	150	150	150	150	150	150	150	150	150	150	150	150	150	150	150	150	150	150	150	150	200	200	200	100	100	100	150	150	100	100	150	150	300	300
升77需要的修为	100	100	100	100	100	100	100	100	100	100	100	100	100	100	100	100	100	100	100	100	100	100	100	100	100	100	100	100	1	3	3	3	3	3	5	5	15	20	25	25	80	80	80	100	100	200	300	300	300	300	300	300	300	300	300	300	300	300	300	300	200	500	900	100	100	100	500	500	500	500	150	150	150	150	150	150	150	150	150	150	150	150	150	150	100	100	100	100	100	100	100	100	100	100	100	100	300	300	300	300	300	300	150	150	150	150	150	150	150	150	150	150	150	150	150	150	150	150	150	150	150	150	150	150	150	150	150	150	200	200	200	100	100	100	150	150	100	100	150	150	300	300
升78需要的修为	100	100	100	100	100	100	100	100	100	100	100	100	100	100	100	100	100	100	100	100	100	100	100	100	100	100	100	100	1	3	3	3	3	3	5	5	15	20	25	25	80	80	80	100	100	200	300	300	300	300	300	300	300	300	300	300	300	300	300	300	200	500	900	100	100	100	500	500	500	500	150	150	150	150	150	150	150	150	150	150	150	150	150	150	100	100	100	100	100	100	100	100	100	100	100	100	300	300	300	300	300	300	150	150	150	150	150	150	150	150	150	150	150	150	150	150	150	150	150	150	150	150	150	150	150	150	150	150	200	200	200	100	100	100	150	150	100	100	150	150	300	300
升79需要的修为	100	100	100	100	100	100	100	100	100	100	100	100	100	100	100	100	100	100	100	100	100	100	100	100	100	100	100	100	1	3	3	3	3	3	5	5	15	20	25	25	80	80	80	100	100	200	300	300	300	300	300	300	300	300	300	300	300	300	300	300	200	500	900	100	100	100	500	500	500	500	150	150	150	150	150	150	150	150	150	150	150	150	150	150	100	100	100	100	100	100	100	100	100	100	100	100	300	300	300	300	300	300	150	150	150	150	150	150	150	150	150	150	150	150	150	150	150	150	150	150	150	150	150	150	150	150	150	150	200	200	200	100	100	100	150	150	100	100	150	150	300	300
升80需要的修为	1000	1000	1000	1000	1000	1000	1000	1000	1000	1000	1000	1000	1000	1000	1000	1000	1000	1000	1000	1000	1000	1000	1000	1000	1000	1000	1000	1000	1	10	10	10	10	10	50	50	100	200	250	250	800	1000	1000	1000	1000	2000	3000	3000	3000	3000	3000	3000	3000	3000	3000	3000	3000	3000	3000	3000	2000	5000	8000	1000	1000	1000	5000	5000	5000	5000	1500	1500	1500	1500	1500	1500	1500	1500	1500	1500	1500	1500	1500	1500	1000	1000	1000	1000	1000	1000	1000	1000	1000	1000	1000	1000	3000	3000	3000	3000	3000	3000	1500	1500	1500	1500	1500	1500	1500	1500	1500	1500	1500	1500	1500	1500	1500	1500	1500	1500	1500	1500	1500	1500	1500	1500	1500	1500	2000	2000	2000	1000	1000	1000	1500	1500	1000	1000	1500	1500	3000	3000
升81需要的修为	100	100	100	100	100	100	100	100	100	100	100	100	100	100	100	100	100	100	100	100	100	100	100	100	100	100	100	100	1	3	3	3	3	3	5	5	15	20	25	25	80	80	80	100	100	200	400	400	400	400	400	400	400	400	400	400	400	400	400	400	200	600	1000	100	100	100	600	600	600	600	150	150	150	150	150	150	150	150	150	150	150	150	150	150	100	100	100	100	100	100	100	100	100	100	100	100	400	400	400	400	400	400	150	150	150	150	150	150	150	150	150	150	150	150	150	150	150	150	150	150	150	150	150	150	150	150	150	150	200	200	200	100	100	100	150	150	100	100	150	150	400	400
升82需要的修为	100	100	100	100	100	100	100	100	100	100	100	100	100	100	100	100	100	100	100	100	100	100	100	100	100	100	100	100	1	3	3	3	3	3	5	5	15	20	25	25	80	80	80	100	100	200	400	400	400	400	400	400	400	400	400	400	400	400	400	400	200	600	1000	100	100	100	600	600	600	600	150	150	150	150	150	150	150	150	150	150	150	150	150	150	100	100	100	100	100	100	100	100	100	100	100	100	400	400	400	400	400	400	150	150	150	150	150	150	150	150	150	150	150	150	150	150	150	150	150	150	150	150	150	150	150	150	150	150	200	200	200	100	100	100	150	150	100	100	150	150	400	400
升83需要的修为	100	100	100	100	100	100	100	100	100	100	100	100	100	100	100	100	100	100	100	100	100	100	100	100	100	100	100	100	1	3	3	3	3	3	5	5	15	20	25	25	80	80	80	100	100	200	400	400	400	400	400	400	400	400	400	400	400	400	400	400	200	600	1000	100	100	100	600	600	600	600	150	150	150	150	150	150	150	150	150	150	150	150	150	150	100	100	100	100	100	100	100	100	100	100	100	100	400	400	400	400	400	400	150	150	150	150	150	150	150	150	150	150	150	150	150	150	150	150	150	150	150	150	150	150	150	150	150	150	200	200	200	100	100	100	150	150	100	100	150	150	400	400
升84需要的修为	100	100	100	100	100	100	100	100	100	100	100	100	100	100	100	100	100	100	100	100	100	100	100	100	100	100	100	100	1	3	3	3	3	3	5	5	15	20	25	25	80	80	80	100	100	200	400	400	400	400	400	400	400	400	400	400	400	400	400	400	200	600	1000	100	100	100	600	600	600	600	150	150	150	150	150	150	150	150	150	150	150	150	150	150	100	100	100	100	100	100	100	100	100	100	100	100	400	400	400	400	400	400	150	150	150	150	150	150	150	150	150	150	150	150	150	150	150	150	150	150	150	150	150	150	150	150	150	150	200	200	200	100	100	100	150	150	100	100	150	150	400	400
升85需要的修为	100	100	100	100	100	100	100	100	100	100	100	100	100	100	100	100	100	100	100	100	100	100	100	100	100	100	100	100	1	3	3	3	3	3	5	5	15	20	25	25	80	80	80	100	100	200	400	400	400	400	400	400	400	400	400	400	400	400	400	400	200	600	1000	100	100	100	600	600	600	600	150	150	150	150	150	150	150	150	150	150	150	150	150	150	100	100	100	100	100	100	100	100	100	100	100	100	400	400	400	400	400	400	150	150	150	150	150	150	150	150	150	150	150	150	150	150	150	150	150	150	150	150	150	150	150	150	150	150	200	200	200	100	100	100	150	150	100	100	150	150	400	400
升86需要的修为	100	100	100	100	100	100	100	100	100	100	100	100	100	100	100	100	100	100	100	100	100	100	100	100	100	100	100	100	1	3	3	3	3	3	5	5	15	20	25	25	80	80	80	100	100	200	400	400	400	400	400	400	400	400	400	400	400	400	400	400	200	600	1000	100	100	100	600	600	600	600	150	150	150	150	150	150	150	150	150	150	150	150	150	150	100	100	100	100	100	100	100	100	100	100	100	100	400	400	400	400	400	400	150	150	150	150	150	150	150	150	150	150	150	150	150	150	150	150	150	150	150	150	150	150	150	150	150	150	200	200	200	100	100	100	150	150	100	100	150	150	400	400
升87需要的修为	100	100	100	100	100	100	100	100	100	100	100	100	100	100	100	100	100	100	100	100	100	100	100	100	100	100	100	100	1	3	3	3	3	3	5	5	15	20	25	25	80	80	80	100	100	200	400	400	400	400	400	400	400	400	400	400	400	400	400	400	200	600	1000	100	100	100	600	600	600	600	150	150	150	150	150	150	150	150	150	150	150	150	150	150	100	100	100	100	100	100	100	100	100	100	100	100	400	400	400	400	400	400	150	150	150	150	150	150	150	150	150	150	150	150	150	150	150	150	150	150	150	150	150	150	150	150	150	150	200	200	200	100	100	100	150	150	100	100	150	150	400	400
升88需要的修为	100	100	100	100	100	100	100	100	100	100	100	100	100	100	100	100	100	100	100	100	100	100	100	100	100	100	100	100	1	3	3	3	3	3	5	5	15	20	25	25	80	80	80	100	100	200	400	400	400	400	400	400	400	400	400	400	400	400	400	400	200	600	1000	100	100	100	600	600	600	600	150	150	150	150	150	150	150	150	150	150	150	150	150	150	100	100	100	100	100	100	100	100	100	100	100	100	400	400	400	400	400	400	150	150	150	150	150	150	150	150	150	150	150	150	150	150	150	150	150	150	150	150	150	150	150	150	150	150	200	200	200	100	100	100	150	150	100	100	150	150	400	400
升89需要的修为	100	100	100	100	100	100	100	100	100	100	100	100	100	100	100	100	100	100	100	100	100	100	100	100	100	100	100	100	1	3	3	3	3	3	5	5	15	20	25	25	80	80	80	100	100	200	400	400	400	400	400	400	400	400	400	400	400	400	400	400	200	600	1000	100	100	100	600	600	600	600	150	150	150	150	150	150	150	150	150	150	150	150	150	150	100	100	100	100	100	100	100	100	100	100	100	100	400	400	400	400	400	400	150	150	150	150	150	150	150	150	150	150	150	150	150	150	150	150	150	150	150	150	150	150	150	150	150	150	200	200	200	100	100	100	150	150	100	100	150	150	400	400
升90需要的修为	1000	1000	1000	1000	1000	1000	1000	1000	1000	1000	1000	1000	1000	1000	1000	1000	1000	1000	1000	1000	1000	1000	1000	1000	1000	1000	1000	1000	1	10	10	10	10	10	50	50	100	200	250	250	800	1000	1000	1000	1000	2000	4000	4000	4000	4000	4000	4000	4000	4000	4000	4000	4000	4000	4000	4000	2000	6000	8000	1000	1000	1000	6000	6000	6000	6000	1500	1500	1500	1500	1500	1500	1500	1500	1500	1500	1500	1500	1500	1500	1000	1000	1000	1000	1000	1000	1000	1000	1000	1000	1000	1000	4000	4000	4000	4000	4000	4000	1500	1500	1500	1500	1500	1500	1500	1500	1500	1500	1500	1500	1500	1500	1500	1500	1500	1500	1500	1500	1500	1500	1500	1500	1500	1500	2000	2000	2000	1000	1000	1000	1500	1500	1000	1000	1500	1500	4000	4000
升91需要的修为	100	100	100	100	100	100	100	100	100	100	100	100	100	100	100	100	100	100	100	100	100	100	100	100	100	100	100	100	1	3	3	3	3	3	5	5	15	20	25	25	80	80	80	100	100	200	400	400	400	400	400	400	400	400	400	400	400	400	400	400	200	600	1000	100	100	100	600	600	600	600	150	150	150	150	150	150	150	150	150	150	150	150	150	150	100	100	100	100	100	100	100	100	100	100	100	100	400	400	400	400	400	400	150	150	150	150	150	150	150	150	150	150	150	150	150	150	150	150	150	150	150	150	150	150	150	150	150	150	200	200	200	100	100	100	150	150	100	100	150	150	400	400
升92需要的修为	100	100	100	100	100	100	100	100	100	100	100	100	100	100	100	100	100	100	100	100	100	100	100	100	100	100	100	100	1	3	3	3	3	3	5	5	15	20	25	25	80	80	80	100	100	200	400	400	400	400	400	400	400	400	400	400	400	400	400	400	200	600	1000	100	100	100	600	600	600	600	150	150	150	150	150	150	150	150	150	150	150	150	150	150	100	100	100	100	100	100	100	100	100	100	100	100	400	400	400	400	400	400	150	150	150	150	150	150	150	150	150	150	150	150	150	150	150	150	150	150	150	150	150	150	150	150	150	150	200	200	200	100	100	100	150	150	100	100	150	150	400	400
升93需要的修为	100	100	100	100	100	100	100	100	100	100	100	100	100	100	100	100	100	100	100	100	100	100	100	100	100	100	100	100	1	3	3	3	3	3	5	5	15	20	25	25	80	80	80	100	100	200	400	400	400	400	400	400	400	400	400	400	400	400	400	400	200	600	1000	100	100	100	600	600	600	600	150	150	150	150	150	150	150	150	150	150	150	150	150	150	100	100	100	100	100	100	100	100	100	100	100	100	400	400	400	400	400	400	150	150	150	150	150	150	150	150	150	150	150	150	150	150	150	150	150	150	150	150	150	150	150	150	150	150	200	200	200	100	100	100	150	150	100	100	150	150	400	400
升94需要的修为	100	100	100	100	100	100	100	100	100	100	100	100	100	100	100	100	100	100	100	100	100	100	100	100	100	100	100	100	1	3	3	3	3	3	5	5	15	20	25	25	80	80	80	100	100	200	400	400	400	400	400	400	400	400	400	400	400	400	400	400	200	600	1000	100	100	100	600	600	600	600	150	150	150	150	150	150	150	150	150	150	150	150	150	150	100	100	100	100	100	100	100	100	100	100	100	100	400	400	400	400	400	400	150	150	150	150	150	150	150	150	150	150	150	150	150	150	150	150	150	150	150	150	150	150	150	150	150	150	200	200	200	100	100	100	150	150	100	100	150	150	400	400
升95需要的修为	100	100	100	100	100	100	100	100	100	100	100	100	100	100	100	100	100	100	100	100	100	100	100	100	100	100	100	100	1	3	3	3	3	3	5	5	15	20	25	25	80	80	80	100	100	200	400	400	400	400	400	400	400	400	400	400	400	400	400	400	200	600	1000	100	100	100	600	600	600	600	150	150	150	150	150	150	150	150	150	150	150	150	150	150	100	100	100	100	100	100	100	100	100	100	100	100	400	400	400	400	400	400	150	150	150	150	150	150	150	150	150	150	150	150	150	150	150	150	150	150	150	150	150	150	150	150	150	150	200	200	200	100	100	100	150	150	100	100	150	150	400	400
升96需要的修为	100	100	100	100	100	100	100	100	100	100	100	100	100	100	100	100	100	100	100	100	100	100	100	100	100	100	100	100	1	3	3	3	3	3	5	5	15	20	25	25	80	80	80	100	100	200	400	400	400	400	400	400	400	400	400	400	400	400	400	400	200	600	1000	100	100	100	600	600	600	600	150	150	150	150	150	150	150	150	150	150	150	150	150	150	100	100	100	100	100	100	100	100	100	100	100	100	400	400	400	400	400	400	150	150	150	150	150	150	150	150	150	150	150	150	150	150	150	150	150	150	150	150	150	150	150	150	150	150	200	200	200	100	100	100	150	150	100	100	150	150	400	400
升97需要的修为	100	100	100	100	100	100	100	100	100	100	100	100	100	100	100	100	100	100	100	100	100	100	100	100	100	100	100	100	1	3	3	3	3	3	5	5	15	20	25	25	80	80	80	100	100	200	400	400	400	400	400	400	400	400	400	400	400	400	400	400	200	600	1000	100	100	100	600	600	600	600	150	150	150	150	150	150	150	150	150	150	150	150	150	150	100	100	100	100	100	100	100	100	100	100	100	100	400	400	400	400	400	400	150	150	150	150	150	150	150	150	150	150	150	150	150	150	150	150	150	150	150	150	150	150	150	150	150	150	200	200	200	100	100	100	150	150	100	100	150	150	400	400
升98需要的修为	100	100	100	100	100	100	100	100	100	100	100	100	100	100	100	100	100	100	100	100	100	100	100	100	100	100	100	100	1	3	3	3	3	3	5	5	15	20	25	25	80	80	80	100	100	200	400	400	400	400	400	400	400	400	400	400	400	400	400	400	200	600	1000	100	100	100	600	600	600	600	150	150	150	150	150	150	150	150	150	150	150	150	150	150	100	100	100	100	100	100	100	100	100	100	100	100	400	400	400	400	400	400	150	150	150	150	150	150	150	150	150	150	150	150	150	150	150	150	150	150	150	150	150	150	150	150	150	150	200	200	200	100	100	100	150	150	100	100	150	150	400	400
升99需要的修为	1000	1000	1000	1000	1000	1000	1000	1000	1000	1000	1000	1000	1000	1000	1000	1000	1000	1000	1000	1000	1000	1000	1000	1000	1000	1000	1000	1000	50	10	10	10	10	10	50	50	100	200	250	250	800	1000	1000	1000	1000	2000	4000	4000	4000	4000	4000	4000	4000	4000	4000	4000	4000	4000	4000	4000	2000	6000	8000	1000	1000	1000	6000	6000	6000	6000	1500	1500	1500	1500	1500	1500	1500	1500	1500	1500	1500	1500	1500	1500	1000	1000	1000	1000	1000	1000	1000	1000	1000	1000	1000	1000	4000	4000	4000	4000	4000	4000	1500	1500	1500	1500	1500	1500	1500	1500	1500	1500	1500	1500	1500	1500	1500	1500	1500	1500	1500	1500	1500	1500	1500	1500	1500	1500	2000	2000	2000	1000	1000	1000	1500	1500	1000	1000	1500	1500	4000	4000
