Sè thø tù	ChØ cã thÓ kh¶m n¹m	Kh«ng thÓ kh¶m n¹m
1		
2		
3		
4		
5		
6		
7		
8		
9		
10		
11		
12		
13		
14		
15		
16
17
18
19
20
21
22
23
24
25
26
27
28
29
30
31
32
33
34
35
36
37
38
39
40
41
42
43
44
45
46
47
48
49
50
51
52
53
54
55
56
57
58
59
60
61
62
63
64	
65	3
66	3
67	3
68	3
69	3
70	3
71	3
72	3
73	3
74	3
75	3
76	3
77	3
78	3
79	3
80	3
81	2
82	2
83	2
84	2
85	2
86	2
87	2
88	2
89	1
90	1
91	1
92	1
93	1
94	1
95	1
96	1
97	1
98	1
99	1
100	4
101	4
102	4
103	4
104	4
105	4
106	4
107	4
108	4
109	
110	
111	4
