NpcTemplateName	RevivalName	CorpseType	AIType	AIInterval	Level	Life	WalkSpeed	AttackSeries	DefenceSeries	AttackRate	DodgeRate	AttackSpeed	PhysicalAttackMin	PhysicalAttackMax	PhysicalDefencePercent	PhysicalDefence	MagicAttackMin	MagicAttackMax	MagicDefencePercent	MagicDefence	SkillID_1	SkillLevel_1	SkillRate_1	SkillID_2	SkillLevel_2	SkillRate_2	SkillID_3	SkillLevel_3	SkillRate_3	SkillID_4	SkillLevel_4	SkillRate_4	PctCriticalPoint	PctCriticalDamage	PctDefCriticalPoint	PctDefCriticalDamage
Sãi x¸m	Sãi x¸m	0	1	6	1	8000	10	0	0	200	80	18	22	45	30	50	0	0	30	50	701	2	100	719	4	0	719	6	0	777	3		0	0	0	0
Sãi xanh	Sãi xanh	0	1	6	1	7200	11	0	0	220	88	16	0	0	27	45	25	51	27	45	703	2	100	719	4	0	719	6	0	777	3		0	0	0	0
Sãi ®iªn	Sãi ®iªn	0	1	6	1	8000	10	0	0	200	80	18	22	45	30	50	0	0	30	50	701	2	100	719	4	0	719	6	0	777	3		0	0	0	0
Thá tr¾ng	Thá rõng	0	1	6	1	3200	17	0	0	200	160	9	12	24	10	10	0	0	10	10	701	2	100	719	4	0	719	6	0	777	3		0	0	0	0
Thá x¸m	Thá x¸m	0	1	6	1	4000	14	0	0	200	140	9	0	0	10	10	13	27	10	10	703	2	100	719	4	0	719	6	0	777	3		0	0	0	0
M· HÇu	M· HÇu	0	1	6	1	4800	11	0	0	400	104	9	12	24	15	25	0	0	24	40	701	2	100	719	4	0	719	6	0	777	3		0	0	0	0
Th­¬ng Viªn	Th­¬ng Viªn	0	1	6	1	4800	10	0	0	320	96	10	0	0	21	35	16	33	24	40	703	2	100	719	4	0	719	6	0	777	3		0	0	0	0
Hå Ly	Hå Ly	0	1	6	1	7200	12	0	0	240	128	15	16	33	27	45	0	0	21	35	701	2	100	719	4	0	719	6	0	777	3		0	0	0	0
Yªu Hå 2	Linh Hå	0	1	6	1	6400	13	0	0	240	144	15	0	0	21	35	18	36	24	40	703	2	100	719	4	0	719	6	0	777	3		0	0	0	0
Ng©n Hå	Ng©n Hå	0	1	6	1	5600	14	0	0	240	160	15	21	42	21	35	0	0	21	35	701	2	100	719	4	0	719	6	0	777	3		0	0	0	0
Thùc Nh©n Th¶o	Thùc Nh©n Th¶o	0	1	6	1	8000	10	0	0	200	0	18	0	0	10	90	30	60	10	90	704	2	100	719	4	0	719	6	0	777	3		0	0	0	0
Ng­ Qu¸i1	§«ng H¶i Thñy Téc	0	1	6	1	8800	10	0	0	160	80	18	25	51	12	90	0	0	12	90	701	2	100	719	4	0	719	6	0	777	3		0	0	0	0
Ng­ Qu¸i2	§«ng H¶i Thñy Téc Binh sÜ	0	1	6	1	8800	10	0	0	180	60	18	27	54	12	90	0	0	12	90	701	2	100	719	4	0	719	6	0	777	3		0	0	0	0
TuyÕt Qu¸i1	TuyÕt Qu¸i	0	1	6	1	9600	10	0	0	160	40	24	0	0	15	100	22	45	15	100	703	2	100	719	4	0	719	6	0	777	3		0	0	0	0
TuyÕt Qu¸i3	B¨ng Qu¸i	0	1	6	1	9600	10	0	0	160	40	24	0	0	15	100	22	45	15	100	703	2	100	719	4	0	719	6	0	777	3		0	0	0	0
TiÓu D· tr­	Heo rõng	0	1	6	1	16000	10	0	0	160	24	22	30	60	45	25	0	0	45	25	701	2	100	719	4	0	719	6	0	777	3		0	0	0	0
H¾c Tinh Tinh	H¾c Tinh Tinh	0	1	6	1	16000	10	0	0	200	40	20	0	0	50	10	30	60	50	10	703	2	100	719	4	0	719	6	0	777	3		0	0	0	0
D· Mao T­îng	D· Mao T­îng	0	1	6	1	19200	10	0	0	140	0	24	0	0	65	10	34	69	65	10	703	2	100	719	4	0	719	6	0	777	3		0	0	0	0
Mao Ng­u	Mao Ng­u	0	1	6	1	17600	10	0	0	160	8	24	31	63	60	15	0	0	60	15	701	2	100	719	4	0	719	6	0	777	3		0	0	0	0
GÊu x¸m	GÊu x¸m	0	1	6	1	17600	10	0	0	140	8	24	36	72	60	10	0	0	60	10	701	2	100	719	4	0	719	6	0	777	3		0	0	0	0
Nh·n kÝnh xµ	Nh·n KÝnh Xµ	0	1	6	1	4800	12	0	0	300	120	13	40	81	18	20	0	0	18	20	701	2	100	719	4	0	719	6	0	777	3		0	0	0	0
RÕt ®éc	RÕt ®éc	0	1	6	1	4800	11	0	0	260	120	13	0	0	20	20	40	81	20	20	703	2	100	719	4	0	719	6	0	777	3		0	0	0	0
NhÖn	NhÖn	0	1	6	1	4800	12	0	0	280	140	12	0	0	15	20	39	78	15	20	703	2	100	719	4	0	719	6	0	777	3		0	0	0	0
Cãc1	Cãc ®éc	0	1	6	1	4800	10	0	0	300	120	14	0	0	21	30	39	78	21	30	703	2	100	719	4	0	719	6	0	777	3		0	0	0	0
Bß c¹p	Bß c¹p	0	1	6	1	4800	12	0	0	280	120	13	40	81	30	35	0	0	30	35	701	2	100	719	4	0	719	6	0	777	3		0	0	0	0
Tö D¹ Hæ	Tö D¹ Hæ	0	1	6	1	10400	17	0	0	300	80	12	0	0	15	20	40	81	15	20	703	2	100	719	4	0	719	6	0	777	3		0	0	0	0
Hæ	Hæ	0	1	6	1	12000	14	0	0	240	56	15	45	90	21	25	0	0	21	25	701	2	100	719	4	0	719	6	0	777	3		0	0	0	0
Qu¹ §en	Qu¹ §en	0	1	6	1	6400	22	0	0	220	80	15	21	42	21	35	0	0	21	35	701	2	100	719	4	0	719	6	0	777	3		0	0	0	0
¸c lµ	¸c Lµ	0	1	6	1	7200	22	0	0	240	60	18	0	0	15	20	22	45	15	20	703	2	100	719	4	0	719	6	0	777	3		0	0	0	0
D¬i ®éc	D¬i ®éc	0	1	6	1	5600	19	0	0	200	80	16	31	63	15	20	0	0	15	20	701	2	100	719	4	0	719	6	0	777	3		0	0	0	0
D¬i hót m¸u	D¬i hót m¸u	0	1	6	1	5600	20	0	0	200	120	15	0	0	21	30	27	54	21	30	703	2	100	719	4	0	719	6	0	777	3		0	0	0	0
B¹ch §Çu §iªu	B¹ch §Çu §iªu	0	1	6	1	8000	18	0	0	240	60	18	27	54	28	40	0	0	28	40	701	2	100	719	4	0	719	6	0	777	3		0	0	0	0
Trïng Qu¸i1	Trïng Qu¸i	0	1	6	1	9600	19	0	0	220	40	18	0	0	21	35	27	54	27	45	703	2	100	719	4	0	719	6	0	777	3		0	0	0	0
Trïng Qu¸i2	Trïng Qu¸i V­¬ng	0	1	6	1	10400	17	0	0	200	32	22	0	0	21	35	30	60	27	45	703	2	100	719	4	0	719	6	0	777	3		0	0	0	0
Muçi ®éc	Muçi ®éc	0	1	6	1	4800	19	0	0	200	120	12	0	0	15	10	16	33	15	10	703	2	100	719	4	0	719	6	0	777	3		0	0	0	0
§éc Gi¸p Trïng	§éc Gi¸p Trïng	0	1	6	1	5200	19	0	0	200	60	18	0	0	21	30	18	36	21	30	703	2	100	719	4	0	719	6	0	777	3		0	0	0	0
ThiÕt Gi¸p	ThiÕt Gi¸p Trïng	0	1	6	1	5600	19	0	0	200	100	18	13	27	24	35	0	0	24	35	701	2	100	719	4	0	719	6	0	777	3		0	0	0	0
Kim Gi¸p	ThiÕt Gi¸p trïng	0	1	6	1	5600	20	0	0	200	140	15	16	33	21	35	0	0	21	35	701	2	100	719	4	0	719	6	0	777	3		0	0	0	0
Ong vµng	Ngäc phong	0	1	6	1	4800	22	0	0	200	140	12	0	0	10	10	13	27	10	10	703	2	100	719	4	0	719	6	0	777	3		0	0	0	0
Ong vµng	Ong vµng	0	1	6	1	4800	20	0	0	200	160	15	13	27	18	25	0	0	18	25	701	2	100	719	4	0	719	6	0	777	3		0	0	0	0
Ong ®éc	Ong ®éc	0	1	6	1	4800	22	0	0	200	140	18	0	0	15	20	16	33	15	20	703	2	100	719	4	0	719	6	0	777	3		0	0	0	0
C¸ sÊu1	C¸ sÊu	0	1	6	1	12800	10	0	0	160	16	22	31	63	39	50	0	0	39	50	701	2	100	719	4	0	719	6	0	777	3		0	0	0	0
§éc TÝch	Cù §éc TÝch	0	1	6	1	12000	10	0	0	160	24	22	0	0	33	50	36	72	33	50	703	2	100	719	4	0	719	6	0	777	3		0	0	0	0
Thô Qu¸i1	Thô Qu¸i	0	1	6	1	14400	10	0	0	160	0	24	0	0	39	50	27	54	39	50	704	2	100	719	4	0	719	6	0	777	3		0	0	0	0
C¸ sÊu2	C¸ sÊu biÓn	0	1	6	1	14400	10	0	0	160	16	24	34	69	36	50	0	0	36	50	701	2	100	719	4	0	719	6	0	777	3		0	0	0	0
Háa kú l©n1	Háa Kú L©n	0	1	6	1	12000	10	0	0	200	40	18	0	0	30	40	40	81	30	40	634	2	100	719	4	0	719	6	0	777	3		0	0	0	0
Thá ®en	NguyÖt L­îng Thè	0	1	6	1	8000	18	0	0	240	200	9	0	0	20	20	22	45	20	20	703	2	100	719	4	0	719	6	0	777	3		0	0	0	0
Sãi n©u	Êu Lang v­¬ng	0	1	6	1	12000	12	0	0	300	120	12	34	69	45	75	0	0	45	75	701	2	100	719	4	0	719	6	0	777	3		0	0	0	0
TiÓu H¾c tr­	D· Tr­ V­¬ng	0	1	6	1	20000	10	0	0	180	40	20	40	81	50	100	0	0	50	100	701	2	100	719	4	0	719	6	0	777	3		0	0	0	0
Hoµng Hæ V­¬ng	Hoµng Hæ V­¬ng	0	1	6	1	16000	14	0	0	300	96	10	57	114	36	60	0	0	36	60	701	2	100	719	4	0	719	6	0	777	3		0	0	0	0
L­u Manh	L­u Manh	1	1	6	1	7800	10	0	0	200	80	18	30	60	20	20	0	0	20	20	701	2	100	701	3	0	701	4	0	777	2		0	0	0	0
C«n ®å	C«n ®å	1	1	6	1	8600	10	0	0	200	72	20	33	66	20	20	0	0	20	20	701	2	100	701	3	0	701	4	0	777	2		0	0	0	0
Minh Th©u	Trém vÆt	1	1	6	1	7040	11	0	0	240	96	16	0	0	18	18	27	54	18	18	703	2	100	703	3	0	703	4	0	777	2		0	0	0	0
¸m TÆc	Phi tÆc	1	1	6	1	7040	12	0	0	240	88	18	30	60	18	18	0	0	18	18	705	2	100	705	3	0	705	4	0	777	2		0	0	0	0
Lé tÆc	Lé tÆc	1	1	6	1	7800	10	0	0	220	72	18	33	66	20	20	0	0	20	20	701	2	100	701	3	0	701	4	0	777	2		0	0	0	0
Th¶o KhÊu	Th¶o KhÊu	1	1	6	1	7040	10	0	0	180	80	15	30	60	20	20	0	0	20	20	701	2	100	701	3	0	701	4	0	777	2		0	0	0	0
S¬n tÆc	S¬n tÆc	1	1	6	1	8600	10	0	0	180	72	20	30	60	20	22	0	0	20	22	701	2	100	701	3	0	701	4	0	777	2		0	0	0	0
M·ng KhÊu	M·ng KhÊu	1	1	6	1	8600	10	0	0	180	64	20	0	0	24	20	33	66	24	20	703	2	100	703	3	0	703	4	0	777	2		0	0	0	0
L­u KhÊu	L­u KhÊu	1	1	6	1	7800	10	0	0	180	72	18	33	66	18	24	0	0	18	24	701	2	100	701	3	0	701	4	0	777	2		0	0	0	0
B¸ch NhËt TiÔn	B¸ch NhËt TiÔn	1	1	6	1	6240	10	0	0	400	48	20	21	42	20	20	0	0	20	20	705	2	100	705	3	0	705	4	0	777	2		0	0	0	0
Thiªn ¢m TiÔn Thñ	Thiªn ¢m TiÔn Thñ	1	1	6	1	5480	10	0	0	420	56	15	21	42	16	20	0	0	16	20	705	2	100	705	3	0	705	4	0	777	2		0	0	0	0
Cung LiÖp	Cung LiÖp	1	1	6	1	7040	11	0	0	380	40	20	21	42	20	20	0	0	20	20	705	2	100	705	3	0	705	4	0	777	2		0	0	0	0
Kim tiÔn binh	Liªu tiÔn binh	1	1	6	1	7040	10	0	0	360	40	20	27	54	26	26	0	0	14	14	705	2	100	705	3	0	705	4	0	777	2		0	0	0	0
Tèng nâ binh	Tèng nâ binh	1	1	6	1	7040	10	0	0	360	40	20	27	54	14	14	0	0	26	26	705	2	100	705	3	0	705	4	0	777	2		0	0	0	0
TiÔn thñ dÞ téc	TiÔn thñ dÞ téc	1	1	6	1	7800	10	0	0	420	40	18	24	48	18	18	0	0	18	18	705	2	100	705	3	0	705	4	0	777	2		0	0	0	0
Cung thñ ngo¹i téc	Cung thñ ngo¹i téc	1	1	6	1	7040	10	0	0	420	48	18	24	48	18	18	0	0	18	18	705	2	100	705	3	0	705	4	0	777	2		0	0	0	0
Oa KhÊu3	H¶i TÆc	1	1	6	1	6240	10	0	0	440	56	16	18	36	18	18	0	0	18	18	705	2	100	705	3	0	705	4	0	777	2		0	0	0	0
Th­¬ng Kh¸ch	KiÕm Kh¸ch	1	1	6	1	6240	12	0	0	240	88	15	45	90	10	20	0	0	10	20	701	2	100	701	3	0	701	4	0	777	2		0	0	0	0
N÷ kiÕm kh¸ch	N÷ kiÕm kh¸ch	1	1	6	1	5480	11	0	0	260	104	14	45	90	8	20	0	0	8	20	701	2	100	701	3	0	701	4	0	777	2		0	0	0	0
N÷ HiÖp Kh¸ch	N÷ HiÖp Kh¸ch	1	1	6	1	5480	12	0	0	240	96	15	0	0	10	20	45	90	10	20	703	2	100	703	3	0	703	4	0	777	2		0	0	0	0
N÷ KiÕm hµo	N÷ KiÕm hµo	1	1	6	1	6240	11	0	0	240	80	16	0	0	12	20	48	96	12	20	703	2	100	703	3	0	703	4	0	777	2		0	0	0	0
Mé TuyÕt KiÕm Kh¸ch	Mé TuyÕt KiÕm Kh¸ch	1	1	6	1	6240	12	0	0	220	80	16	48	96	12	20	0	0	12	20	701	2	100	701	3	0	701	4	0	777	2		0	0	0	0
KiÕm S¸t	KiÕm S¸t	1	1	6	1	7040	11	0	0	240	72	15	48	96	14	20	0	0	8	20	701	2	100	701	3	0	701	4	0	777	2		0	0	0	0
KiÕm Cuång	KiÕm Cuång	1	1	6	1	7040	11	0	0	240	72	15	48	96	8	20	0	0	14	20	701	2	100	701	3	0	701	4	0	777	2		0	0	0	0
HuyÒn Vâ KiÕm	HuyÒn Vâ KiÕm	1	1	6	1	4680	13	0	0	260	96	18	0	0	8	20	51	102	8	20	703	2	100	703	3	0	703	4	0	777	2		0	0	0	0
KiÕm Tµ	KiÕm Tµ	1	1	6	1	5480	13	0	0	200	80	13	0	0	10	20	48	96	10	20	703	2	100	703	3	0	703	4	0	777	2		0	0	0	0
Ph¶n Qu©n tuÇn la	Ph¶n Qu©n tuÇn la	1	1	6	1	5480	13	0	0	200	96	13	42	84	8	20	0	0	8	20	701	2	100	701	3	0	701	4	0	777	2		0	0	0	0
Ph¶n qu©n vÖ binh	VÖ sÜ ph¶n qu©n	1	1	6	1	6240	11	0	0	240	80	15	45	90	14	20	0	0	14	20	701	2	100	701	3	0	701	4	0	777	2		0	0	0	0
Th­¬ng Tµ	H¾c Phong KiÕm Kh¸ch	1	1	6	1	7800	11	0	0	220	64	16	0	0	14	20	45	90	14	20	703	2	100	703	3	0	703	4	0	777	2		0	0	0	0
§ao S¸t	§ao HiÖp	1	1	6	1	8600	10	0	0	240	48	22	54	108	20	16	0	0	20	16	701	2	100	701	3	0	701	4	0	777	2		0	0	0	0
§ao TuyÖt	§ao TuyÖt	1	1	6	1	7800	10	0	0	240	56	20	54	108	18	16	0	0	18	16	701	2	100	701	3	0	701	4	0	777	2		0	0	0	0
KiÕm TuyÖt	§ao V­¬ng	1	1	6	1	9360	10	0	0	220	48	20	0	0	18	16	57	114	18	16	703	2	100	703	3	0	703	4	0	777	2		0	0	0	0
§ao Kh¸ch	§ao Kh¸ch	1	1	6	1	7800	10	0	0	240	64	20	51	102	18	16	0	0	18	16	701	2	100	701	3	0	701	4	0	777	2		0	0	0	0
HuyÒn Vâ §ao	HuyÒn Vâ §ao	1	1	6	1	7040	11	0	0	260	56	20	0	0	14	16	63	126	14	16	703	2	100	703	3	0	703	4	0	777	2		0	0	0	0
Xi Háa §ao Kh¸ch	Xi Háa §ao Kh¸ch	1	1	6	1	7800	10	0	0	220	40	22	0	0	22	16	57	114	22	16	703	2	100	703	3	0	703	4	0	777	2		0	0	0	0
Kim ®ao binh	Liªu ®ao binh	1	1	6	1	9360	10	0	0	240	32	24	54	108	30	16	0	0	16	16	701	2	100	701	3	0	701	4	0	777	2		0	0	0	0
Tèng ®ao binh	Tèng ®ao binh	1	1	6	1	9360	10	0	0	240	32	24	54	108	16	16	0	0	30	16	701	2	100	701	3	0	701	4	0	777	2		0	0	0	0
§·ng §ao Kh¸ch	§·ng §ao Kh¸ch	1	1	6	1	7040	10	0	0	260	64	18	54	108	16	16	0	0	16	16	701	2	100	701	3	0	701	4	0	777	2		0	0	0	0
Hoang m¹c ®ao kh¸ch	Hoang m¹c ®ao kh¸ch	1	1	6	1	7040	11	0	0	240	72	18	0	0	16	16	51	102	16	16	703	2	100	703	3	0	703	4	0	777	2		0	0	0	0
Miªu LÜnh Thæ ty	Miªu LÜnh Thæ ty	1	1	6	1	7800	11	0	0	220	72	18	0	0	18	16	60	120	18	16	703	2	100	703	3	0	703	4	0	777	2		0	0	0	0
Tr× §ao Hé VÖ	Tr× §ao Hé VÖ	1	1	6	1	9360	10	0	0	260	48	20	54	108	24	16	0	0	24	16	701	2	100	701	3	0	701	4	0	777	2		0	0	0	0
Oa KhÊu4	Oa Quèc L·ng Nh©n	1	1	6	1	6240	11	0	0	260	48	22	60	120	18	16	0	0	18	16	701	2	100	701	3	0	701	4	0	777	2		0	0	0	0
Oa KhÊu1	Oa Quèc §ao kh¸ch	1	1	6	1	7800	10	0	0	240	48	24	57	114	20	16	0	0	20	16	701	2	100	701	3	0	701	4	0	777	2		0	0	0	0
Mé TuyÕt Th­¬ng Kh¸ch	Mé TuyÕt Th­¬ng Kh¸ch	1	1	6	1	7040	11	0	0	160	64	10	30	60	16	20	0	0	16	20	701	2	100	701	3	0	701	4	0	777	2		0	0	0	0
Th­¬ng kh¸ch trung cÊp	Danh Th­¬ng HiÖp	1	1	6	1	6240	13	0	0	200	72	9	0	0	14	18	27	54	14	18	703	2	100	703	3	0	703	4	0	777	2		0	0	0	0
Tèng th­¬ng qu©n	Tèng qu©n tö sÜ	1	1	6	1	8600	10	0	0	140	48	11	36	72	10	20	0	0	26	20	701	2	100	701	3	0	701	4	0	777	2		0	0	0	0
Kim th­¬ng qu©n	Liªu th­¬ng qu©n	1	1	6	1	8600	10	0	0	140	48	11	36	72	26	20	0	0	10	20	701	2	100	701	3	0	701	4	0	777	2		0	0	0	0
Tr× M©u Hé VÖ	Tr× M©u Hé VÖ	1	1	6	1	9360	10	0	0	160	40	10	0	0	26	20	33	66	26	20	703	2	100	703	3	0	703	4	0	777	2		0	0	0	0
Th­¬ng Cuång	Th­¬ng ThÇn	1	1	6	1	7800	11	0	0	180	48	9	0	0	14	18	36	72	14	18	703	2	100	703	3	0	703	4	0	777	2		0	0	0	0
Miªu téc thiÕu n÷1	ThiÕu n÷ ¤ M«ng Bé	1	1	6	1	4680	16	0	0	320	128	11	18	36	12	12	0	0	12	12	705	2	100	705	3	0	705	4	0	777	2		0	0	0	0
Phiªn Di Tiªu Thñ	¤ M«ng Téc Nh©n	1	1	6	1	5480	13	0	0	320	112	12	24	48	14	12	0	0	14	12	701	2	100	701	3	0	701	4	0	777	2		0	0	0	0
Phiªn Di §ao Kh¸ch	¤ M«ng Dòng SÜ	1	1	6	1	5480	13	0	0	340	104	13	27	54	14	12	0	0	14	12	701	2	100	701	3	0	701	4	0	777	2		0	0	0	0
Miªu LÜnh TuÇn Tr¹i	Miªu LÜnh TuÇn Tr¹i	1	1	6	1	6240	16	0	0	260	100	12	18	36	16	20	0	0	16	20	701	2	100	701	3	0	701	4	0	777	2		0	0	0	0
Miªu LÜnh Hé Ên	Miªu LÜnh Hé Ên	1	1	6	1	7040	12	0	0	240	80	15	0	0	20	20	21	42	20	20	703	2	100	703	3	0	703	4	0	777	2		0	0	0	0
Miªu LÜnh Phu nh©n	Miªu LÜnh Phu nh©n	1	1	6	1	6240	14	0	0	280	120	13	0	0	12	15	24	48	12	15	703	2	100	703	3	0	703	4	0	777	2		0	0	0	0
H×nh nh©n	Kh«i Lçi §éc nh©n	1	1	6	1	9360	10	0	0	200	40	18	0	0	25	40	37	75	25	40	703	2	100	703	3	0	703	4	0	777	2		0	0	0	0
Vâ §¹i Lang-b×nh th­êng	Ng­êi lïn	1	1	6	1	7800	10	0	0	120	96	9	33	66	20	16	0	0	20	16	701	2	100	701	3	0	701	4	0	777	2		0	0	0	0
B¸t Phô Hµ §«ng S­	B¸t Phô Hµ §«ng S­	1	1	6	1	7040	10	0	0	100	88	10	0	0	20	18	36	72	20	18	703	2	100	703	3	0	703	4	0	777	2		0	0	0	0
LiÖp Hé	LiÖp Hé	1	1	6	1	9360	12	0	0	240	80	24	21	42	14	26	0	0	14	26	701	2	100	701	3	0	701	4	0	777	2		0	0	0	0
Hæ Y Nh©n	Hæ Y Nh©n	1	1	6	1	10920	10	0	0	220	72	24	27	54	14	26	0	0	14	26	701	2	100	701	3	0	701	4	0	777	2		0	0	0	0
Quan sø	Quan sø	1	1	6	1	6240	10	0	0	360	88	16	27	54	14	20	0	0	14	20	701	2	100	701	3	0	701	4	0	777	2		0	0	0	0
Bé kho¸i	Bé kho¸i	1	1	6	1	7040	10	0	0	340	80	18	30	60	16	20	0	0	16	20	701	2	100	701	3	0	701	4	0	777	2		0	0	0	0
MËt th¸m	MËt th¸m	1	1	6	1	6240	10	0	0	400	96	15	0	0	12	18	24	48	12	18	703	2	100	703	3	0	703	4	0	777	2		0	0	0	0
Thiªn Lý Tiªu	Thiªn Lý Tiªu	1	1	6	1	5480	18	0	0	220	96	18	36	72	14	16	0	0	14	16	701	2	100	701	3	0	701	4	0	777	2		0	0	0	0
ThÝch Kh¸ch2	§Þa S¸t	1	1	6	1	6240	17	0	0	240	104	20	39	78	14	14	0	0	14	14	701	2	100	701	3	0	701	4	0	777	2		0	0	0	0
ThÝch Kh¸ch1	Thiªn S¸t	1	1	6	1	4680	19	0	0	240	112	18	0	0	10	14	42	84	10	14	703	2	100	703	3	0	703	4	0	777	2		0	0	0	0
Tµ T¨ng	Tµ T¨ng	1	1	6	1	11720	10	0	0	160	32	22	0	0	28	16	45	90	28	16	703	2	100	703	3	0	703	4	0	777	2		0	0	0	0
Thiªn TÇm Vâ T¨ng	Thiªn TÇm Vâ T¨ng	1	1	6	1	9360	11	0	0	200	24	15	52	105	20	20	0	0	20	20	701	2	100	701	3	0	701	4	0	777	2		0	0	0	0
Thiªn TÇm Ph¸p T¨ng	Thiªn TÇm Ph¸p T¨ng	1	1	6	1	10160	10	0	0	200	40	16	0	0	28	20	48	96	28	20	703	2	100	703	3	0	703	4	0	777	2		0	0	0	0
Ma Ni T¨ng	Ma Ni T¨ng	1	1	6	1	10920	10	0	0	200	24	16	0	0	24	20	51	102	24	20	703	2	100	703	3	0	703	4	0	777	2		0	0	0	0
§µ La Ni T¨ng	§µ La Ni T¨ng	1	1	6	1	10160	10	0	0	200	32	13	0	0	20	20	49	99	20	20	703	2	100	703	3	0	703	4	0	777	2		0	0	0	0
Thiªn ¢m Vâ SÜ	Thiªn ¢m Vâ SÜ	1	1	6	1	10920	10	0	0	140	48	18	42	84	26	16	0	0	26	16	701	2	100	701	3	0	701	4	0	777	2		0	0	0	0
Vâ sÜ dÞ téc	Vâ sÜ dÞ téc	1	1	6	1	12480	10	0	0	180	24	24	48	96	30	14	0	0	30	14	701	2	100	701	3	0	701	4	0	777	2		0	0	0	0
S¸t thñ ngo¹i téc	S¸t thñ ngo¹i téc	1	1	6	1	13280	10	0	0	140	24	20	48	96	28	14	0	0	28	14	701	2	100	701	3	0	701	4	0	777	2		0	0	0	0
Xi Háa gi¸o ®å	Xi Háa gi¸o ®å	1	1	6	1	7800	10	0	0	240	80	15	39	78	24	12	0	0	24	12	701	2	100	701	3	0	701	4	0	777	2		0	0	0	0
Xi Háa H¾c gi¸o ®å	Xi Háa H¾c gi¸o ®å	1	1	6	1	8600	11	0	0	200	56	18	42	84	28	12	0	0	28	12	701	2	100	701	3	0	701	4	0	777	2		0	0	0	0
Xi Háa B¹ch gi¸o ®å	Xi Háa B¹ch gi¸o ®å	1	1	6	1	7040	12	0	0	260	88	16	0	0	20	12	40	81	20	12	703	2	100	703	3	0	703	4	0	777	2		0	0	0	0
Xi Háa XÝch gi¸o ®å	Xi Háa XÝch gi¸o ®å	1	1	6	1	7800	11	0	0	180	48	18	0	0	24	12	46	93	24	12	703	2	100	703	3	0	703	4	0	777	2		0	0	0	0
Xi Háa sø gi¶	Xi Háa sø gi¶	1	1	6	1	7800	12	0	0	180	72	18	40	81	20	12	0	0	20	12	701	2	100	701	3	0	701	4	0	777	2		0	0	0	0
Xi Háa hé ph¸p	Xi Háa hé ph¸p	1	1	6	1	8600	11	0	0	240	40	20	0	0	24	20	42	84	24	20	703	2	100	703	3	0	703	4	0	777	2		0	0	0	0
Xi Háa tr­ëng l·o	Xi Háa tr­ëng l·o	1	1	6	1	9360	10	0	0	200	56	18	0	0	32	12	39	78	32	12	703	2	100	703	3	0	703	4	0	777	2		0	0	0	0
Xi Háa ®µn chñ	Xi Háa ®µn chñ	1	1	6	1	8600	10	0	0	200	64	20	0	0	28	20	48	96	28	20	703	2	100	703	3	0	703	4	0	777	2		0	0	0	0
Xi Háa cao thñ	Xi Háa cao thñ	1	1	6	1	10920	10	0	0	200	48	22	51	102	24	14	0	0	24	14	701	2	100	701	3	0	701	4	0	777	2		0	0	0	0
Méc nh©n	Méc nh©n	1	1	6	1	13280	10	0	0	180	20	18	0	0	43	50	33	66	43	50	703	2	100	703	3	0	703	4	0	777	2		0	0	0	0
C¬ quan nh©n1	C¬ quan Méc nh©n	1	1	6	1	11720	10	0	0	200	30	22	40	81	30	50	0	0	30	50	701	2	100	701	3	0	701	4	0	777	2		0	0	0	0
§ång nh©n	§ång nh©n	1	1	6	1	14040	10	0	0	180	20	20	0	0	45	50	36	72	45	50	703	2	100	703	3	0	703	4	0	777	2		0	0	0	0
C¬ quan nh©n2	C¬ quan §ång nh©n	1	1	6	1	12480	10	0	0	200	30	24	42	84	30	50	0	0	30	50	701	2	100	701	3	0	701	4	0	777	2		0	0	0	0
Th¹ch Nh©n1	Th¹ch ®Çu nh©n	1	1	6	1	15600	10	0	0	160	0	36	37	75	50	50	0	0	50	50	701	2	100	701	3	0	701	4	0	777	2		0	0	0	0
Tiªn N÷1	B¨ng T©m N÷	1	1	6	1	9360	12	0	0	200	96	16	0	0	18	18	36	72	18	18	703	2	100	703	3	0	703	4	0	777	2		0	0	0	0
N÷ Tiªu tiªn	Tiªu Tiªn Tö	1	1	6	1	9360	12	0	0	260	104	16	39	78	18	18	0	0	18	18	701	2	100	701	3	0	701	4	0	777	2		0	0	0	0
N÷ Tú Bµ tiªn	Tú Bµ Tiªn Tö	1	1	6	1	8600	13	0	0	240	112	15	0	0	18	18	33	66	18	18	703	2	100	703	3	0	703	4	0	777	2		0	0	0	0
N÷ t¶n tiªn	T¶n Tiªn Tö	1	1	6	1	10160	12	0	0	220	88	18	0	0	22	20	36	72	22	20	703	2	100	703	3	0	703	4	0	777	2		0	0	0	0
N÷ cÇm tiªn	CÇm Tiªn Tö	1	1	6	1	9360	13	0	0	220	104	14	0	0	18	18	36	72	18	18	703	2	100	703	3	0	703	4	0	777	2		0	0	0	0
N÷ §Þch tiªn	§Þch tiªn Tö	1	1	6	1	10160	12	0	0	240	96	16	42	84	18	18	0	0	18	18	701	2	100	701	3	0	701	4	0	777	2		0	0	0	0
N÷ KiÕm tiªn	KiÕm tiªn Tö	1	1	6	1	9360	12	0	0	240	96	15	36	72	22	22	0	0	22	22	701	2	100	701	3	0	701	4	0	777	2		0	0	0	0
Tµ Tiªn Nh©n	Ng« ViÖt L·o Tæ	1	1	6	1	15600	18	0	0	400	160	12	0	0	15	20	45	90	15	20	634	12	100	703	3	0	703	4	0	777	2		0	0	0	0
S¬n TÆc §Çu Môc	B¾c Lôc L©m Minh Chñ	1	1	6	1	19520	13	0	0	320	88	14	54	108	24	30	0	0	24	30	624	12	100	701	3	0	701	4	0	777	2		0	0	0	0
HuyÒn Vâ Th­ong	Th­¬ng ThÇn Doanh Thiªn	1	1	6	1	15600	16	0	0	360	120	12	60	120	20	26	0	0	20	26	624	12	100	701	3	0	701	4	0	777	2		0	0	0	0
¢m Hån2	Oan Hån	2	1	6	1	9600	17	0	0	300	120	12	0	0	65	30	67	135	65	30	634	12	100	616	3	0	601	1	0	777	2		0	0	0	0
NghiÖt Hån	L·nh H­¬ng L¨ng	1	1	6	1	12000	20	0	0	400	160	9	0	0	50	50	75	150	50	50	634	12	100	616	3	0	601	1	0	777	2		0	0	0	0
Quû T­íng Qu©n	§Þa Ngôc Thi V­¬ng	2	2	6	1	2000000	10	0	0	10000	0	18	1	1	0	0	1	1	0	0	557	1	100							635	20		0	0	0	0
Ng­êi c©y	Ng­êi c©y	0	1	6	1	14400	10	0	0	160	0	24	0	0	40	50	31	63	40	50	704	2	100	719	4	0	719	6	0	777	3		0	0	0	0
Yªu Hå3	XÝch LuyÖn Háa Hå	0	1	6	1	8800	17	0	0	300	80	15	40	81	25	25	0	0	25	25	701	2	100	719	4	0	719	6	0	777	3		0	0	0	0
Phi Thiªn3	LiÖt Nhan Li Long	0	1	6	1	12800	12	0	0	200	40	18	0	0	35	45	39	78	35	45	634	2	100	719	4	0	719	6	0	777	3		0	0	0	0
Sa M¹c Hµnh Nh©n	Sa M¹c Hµnh Nh©n	1	1	6	1	7800	12	0	0	240	64	18	30	60	22	20	0	0	22	20	701	2	100	701	3	0	701	4	0	777	2		0	0	0	0
KÎ ®µo mé	KÎ ®µo mé	1	1	6	1	8080	10	0	0	180	72	20	30	60	20	20	0	0	20	20	701	2	100	701	3	0	701	4	0	777	2		0	0	0	0
§äat B¶o Nh©n	§äat B¶o Nh©n	1	1	6	1	8600	10	0	0	220	80	18	0	0	24	20	33	66	24	20	703	2	100	703	3	0	703	4	0	777	2		0	0	0	0
Hång bµo sø gi¶3	T©y Vùc LiÖt Phô	1	1	6	1	6760	10	0	0	440	52	12	21	42	14	20	0	0	14	20	705	2	100	705	3	0	705	4	0	777	2		0	0	0	0
Cao thñ quan ngo¹i	Cao thñ quan ngo¹i	1	1	6	1	8320	13	0	0	200	70	15	45	90	14	20	0	0	14	20	701	2	100	701	3	0	701	4	0	777	2		0	0	0	0
T¶ hé ph¸p	Yªu c¬ Ba T­	1	1	6	1	6240	12	0	0	260	130	14	0	0	14	12	18	36	14	12	703	2	100	703	3	0	703	4	0	777	2		0	0	0	0
T©y B¾c Tr¸ng H¸n	T©y B¾c Tr¸ng H¸n	1	1	6	1	13000	10	0	0	120	40	20	36	72	12	14	0	0	12	14	701	2	100	701	3	0	701	4	0	777	2		0	0	0	0
T©y B¾c Yªn H¸n	T©y B¾c Yªn H¸n	1	1	6	1	6760	12	0	0	240	100	18	30	60	20	10	0	0	20	10	701	2	100	701	3	0	701	4	0	777	2		0	0	0	0
T©y H¹ Vâ SÜ	T©y H¹ Vâ SÜ	1	1	6	1	11440	10	0	0	200	60	20	0	0	15	15	45	90	20	20	703	2	100	703	3	0	703	4	0	777	2		0	0	0	0
T©y H¹ Dòng SÜ	T©y H¹ Dòng SÜ	1	1	6	1	11960	14	0	0	80	40	25	39	78	20	20	0	0	15	15	701	2	100	701	3	0	701	4	0	777	2		0	0	0	0
D­îc Nh©n	D­îc Nh©n	1	1	6	1	15600	10	0	0	60	20	20	22	45	35	30	0	0	35	30	701	2	100	701	3	0	701	4	0	777	2		0	0	0	0
NhÊt PhÈm §­êng MËt Sø	NhÊt PhÈm §­êng MËt Sø	1	1	6	1	6240	18	0	0	200	100	17	37	75	12	10	0	0	12	10	701	2	100	701	3	0	701	4	0	777	2		0	0	0	0
NhÊt PhÈm §­êng ¸m S¸y Sø	NhÊt PhÈm §­êng ¸m S¸y Sø	1	1	6	1	5200	20	0	0	240	120	15	0	0	10	12	42	84	10	12	703	2	100	703	3	0	703	4	0	777	2		0	0	0	0
H÷u hé ph¸p	¢m NhËt Sø 	1	1	6	1	11960	10	0	0	200	64	18	48	96	30	15	0	0	25	15	701	2	100	701	3	0	701	4	0	777	2		0	0	0	0
H¾c bµo sø gi¶1	Minh NhËt Sø	1	1	6	1	11960	10	0	0	200	64	18	0	0	25	15	48	96	30	15	703	2	100	703	3	0	703	4	0	777	2		0	0	0	0
Nam ®Ö tö1	Gian TÕ Minh gi¸o	1	1	6	1	10400	10	0	0	200	70	20	45	90	25	20	0	0	25	20	701	2	100	701	3	0	701	4	0	777	2		0	0	0	0
Nam ®Ö tö2	§Ö Tö Minh gi¸o	1	1	6	1	8840	10	0	0	240	60	22	0	0	20	25	45	90	20	25	703	2	100	703	3	0	703	4	0	777	2		0	0	0	0
KiÕm t­îng	KiÕm t­îng	1	1	6	1	14320	10	0	0	160	20	22	36	72	40	40	0	0	40	40	701	2	100	701	3	0	701	4	0	777	2		0	0	0	0
Th­¬ng t­îng	Th­¬ng t­îng	1	1	6	1	14560	10	0	0	160	20	16	33	66	35	55	0	0	35	55	701	2	100	701	3	0	701	4	0	777	2		0	0	0	0
§ång t­îng	§ång t­îng	1	1	6	1	13800	10	0	0	220	26	20	0	0	40	50	37	75	40	50	703	2	100	703	3	0	703	4	0	777	2		0	0	0	0
Cung t­îng	Cung t­îng	1	1	6	1	13280	10	0	0	200	20	18	30	60	40	45	0	0	40	45	701	2	100	701	3	0	701	4	0	777	2		0	0	0	0
