§¹o cô 1	§¹o cô2	§¹o cô 3	§¹o cô 4	§¹o cô 5	§¹o cô 6	§¹o cô 7	§¹o cô8	§¹o cô9	§¹o cô 10	§¹o cô 11	§¹o cô 12	§¹o cô 13	§¹o cô 14	§¹o cô 15	§¹o cô 16	§¹o cô 17	§¹o cô 18	§¹o cô 19	§¹o cô20	§¹o cô21	§¹o cô22	§¹o cô23	§¹o cô24	§¹o cô25	§¹o cô26	§¹o cô27	§¹o cô28	§¹o cô29	§¹o cô30	§¹o cô31	§¹o cô32	§¹o cô33	§¹o cô34	§¹o cô35	§¹o cô36	§¹o cô37	§¹o cô38	§¹o cô39	§¹o cô40	§¹o cô41	§¹o cô42	§¹o cô43	§¹o cô44	§¹o cô45	§¹o cô46	§¹o cô47	§¹o cô48	§¹o cô49	§¹o cô50	§¹o cô51	§¹o cô52	§¹o cô53	§¹o cô54	§¹o cô55	§¹o cô56	§¹o cô57	§¹o cô58	§¹o cô59	§¹o cô60	§¹o cô61	§¹o cô62	§¹o cô63	§¹o cô64	§¹o cô65	§¹o cô66	§¹o cô67	§¹o cô68	§¹o cô69	§¹o cô70	§¹o cô71	§¹o cô72	§¹o cô73	§¹o cô74	§¹o cô75	§¹o cô76	§¹o cô77	§¹o cô78	§¹o cô79	§¹o cô80	§¹o cô81	§¹o cô82	§¹o cô83	§¹o cô84	§¹o cô85	§¹o cô86	§¹o cô87	§¹o cô88	§¹o cô89	§¹o cô90	§¹o cô91	§¹o cô92	§¹o cô93	§¹o cô94	§¹o cô95	§¹o cô96	§¹o cô97	§¹o cô98	§¹o cô99	§¹o cô100	§¹o cô101	§¹o cô102	§¹o cô103	§¹o cô104	§¹o cô105	§¹o cô106	§¹o cô107	§¹o cô108	§¹o cô109	§¹o cô110	§¹o cô111	§¹o cô112	§¹o cô113	§¹o cô114	§¹o cô115	§¹o cô116	§¹o cô117	§¹o cô118	§¹o cô119	§¹o cô120	§¹o cô121	§¹o cô122	§¹o cô123	§¹o cô124	§¹o cô125	§¹o cô126	§¹o cô127	§¹o cô128	§¹o cô129	§¹o cô130	§¹o cô131	§¹o cô132	§¹o cô133	§¹o cô134	§¹o cô135	§¹o cô136	§¹o cô137	§¹o cô138	§¹o cô139	§¹o cô140	§¹o cô141	§¹o cô142	§¹o cô143	§¹o cô144	§¹o cô145	§¹o cô146	§¹o cô147	§¹o cô148	§¹o cô149	§¹o cô150	§¹o cô151	§¹o cô152	§¹o cô153	§¹o cô154	§¹o cô155	§¹o cô156	§¹o cô157	§¹o cô158	§¹o cô159	§¹o cô160	§¹o cô161	§¹o cô162	§¹o cô163	§¹o cô164	§¹o cô165	§¹o cô166	§¹o cô167	§¹o cô168	§¹o cô169	§¹o cô170	§¹o cô171	§¹o cô172	§¹o cô173	§¹o cô174	§¹o cô175	§¹o cô176	§¹o cô177	§¹o cô178	§¹o cô179	§¹o cô180	§¹o cô181	§¹o cô182	§¹o cô183	§¹o cô184	§¹o cô185	§¹o cô186	§¹o cô187	§¹o cô188	§¹o cô189	§¹o cô190	§¹o cô191	§¹o cô192	§¹o cô193	§¹o cô194	§¹o cô195	§¹o cô196	§¹o cô197	§¹o cô198	§¹o cô199	§¹o cô200
1	2	3	4	5	6	7	8	9	10	11	12	13	14	15	16	17	18	19	20	21	22	23	24	25	26	27	28	29	30	31	32	33	34	35	36	37
97	98	99	100	101	102	103
125	126	127	128	129	130	131	132	133	134	135	136	137	138	139	140	141	142	143	144	145	146	147	148	149	150	151	152	153	154	155	156
37	38	39	40	41	42	43	44	45	46	47	48	49	50	51	52	53	54	55	56	57	58	59	60	61	62	63	64	65	66	67	68	69	70	71	72
104	105	106	107	116	117	118	119	120	121	122	123	124
157	158	159	160	161	162	163	164	165	166	167	168
413	414	415	416	417	418	419	420	421	422	423	424	425	426	427	428	429	430	431	432
433	434	435	436	437	438	439	440	441	442
443	444	445	446	447	448	449	450	451	452	453	454	455	456	457	458	459	460	461	462
961	964	966
475	476	477	478	479	480	481	482	483	484	485	486	487	488	489	490	491	492	493	494	495	496	497	498	499	500	501	502	503	504	505
1	2	3	4	14	15	16	17	27	28	29	30	40	41	42	43	53	54	64	65	75	76	86	87
5	6	7	18	19	20	31	32	33	44	45	46	55	56	57	58	66	67	68	69	77	78	79	80	88	89	90	91
506	507	508	509	510	511	512	513	514	515	516	517	518	519	520	521	522	523	524	525	526	527	528	529	530	531	532	533	534	535	536	537	538	539	540	541
542	543	544	545	546	547	548	549	550	551	552	553	554	555	556	557	558	559	560	561	562	563	564	565	566	567	568	569	570	571	572	573	574	575	576	577
578	579	580	581	582	583	584	585	586	587	588	589	590	591	592	593	594	595	596	597	598	599	600	601	602	603	604	605	606	607	608	609	610	611	612	613
614	615	616	617	618	619	620	621	622	623	624	625	626	627	628	629	630	631	632	633	634	635	636	637	638	639	640	641	642	643	644	645	646	647	648	649
650	651	652	653	654	655	656	657	658	659	660	661	662	663	664	665	666	667	668	669	670	671	672	673	674	675	676	677	678	679	680	681	682	683	684	685
686	687	688	689	690	691	692	693	694	695	696	697	698	699	700	701	702	703	704	705	706	707	708	709	710	711	712	713	714	715	716	717	718	719	720	721
722	723	724	725	726	727	728	729	730	731	732	733	734	735	736	737	738	739	740	741	742	743	744	745	746	747	748	749	750	751	752	753	754	755	756	757
758	759	760	761	762	763	764	765	766	767	768	769	770	771	772	773	774	775	776	777	778	779	780	781	782	783	784	785	786	787	788	789	790	791	792	793
794	795	796	797	798	799	800	801	802	803	804	805	806	807	808	809	810	811	812	813	814	815	816	817	818	819	820	821	822	823	824	825	826	827	828	829
830	831	832	833	834	835	836	837	838	839	840	841	842	843	844	845	846	847	848	849	850	851	852	853	854	855	856	857	858	859	860	861	862	863	864	865
866	867	868	869	870	871	872	873	874	875	876	877	878	879	880	881	882	883	884	885	886	887	888	889	890	891	892	893	894	895	896	897	898	899	900	901
902	903	904	905	906	907	908	909	910	911	912	913	914	915	916	917	918	919	920	921	922	923	924	925	926	927	928	929	930	931	932	933	934	935	936	937
938	939	940	941	942	943	944	945	946	947	948	949	950	982	983	951	952	953	954	955	956	957	958	959	960	961	962	963	964	965	966	967	968	969	970	971	972	973
73	74	75	76	77	78	79	80	81	82	83	84	85	86	87	88	89	90	91	92	93	94	95	96


126	127	128	131	132	133	136	137	138	1374	129	130	134	135	139	140	144	149
126	127	128	131	132	133	136	137	138	1374	129	130	134	135	139	140	144	149
496
1	2	3	4	14	15	16	17	27	28	29	30	40	41	42	43	53	54	64	65	75	76	86	87	161	1048	1049	1059	1060	1127	1128	1138	1139
722	723	724	725	726	727	740	741	742	743	744	745	866	867	868	869	870	871	884	885	886	887	888	889	758	759	760	761	762	763	776	777	778	779	780	781
1904	1905	1906	1907	1908	1909	1910	1911	1912	1767	489	490	491	492	948	949	950	982	983	1372	1913	961	962	963	964	965	966	1884	984	985	986	987	988	989	990	997	1097	1098	1914	2591	2592	2593	2594	2595	2596	2597	2598	2599	2600	2601
5	6	7	8	18	19	20	21	31	32	33	34	44	45	46	47	55	56	57	58	66	67	68	69	77	78	79	80	88	89	90	91	161	1050	1051	1052	1053	1061	1062	1063	1064	1129	1130	1131	1134	1140	1141	1142	1143
728	729	730	731	732	733	746	747	748	749	750	751	872	873	874	875	876	877	890	891	892	893	894	895	764	765	766	767	768	769	782	783	784	785	786	787
514	515	532	533	730	731	748	749	658	659	676	677	874	875	892	893	550	551	568	569	766	767	784	785
951	952	953	954	1087	1088	1089	1090	1091	1092	1093	1094	1095	1096	1104	1105	1106	1107	1108	1109	1110	1111	1112
955	956	957	958
959	960
506	507	508	509	510	511	524	525	526	527	528	529	542	543	544	545	546	547	560	561	562	563	564	565	650	651	652	653	654	655	668	669	670	671	672	673
512	513	514	515	516	517	530	531	532	533	534	535	548	549	550	551	552	553	566	567	568	569	570	571	656	657	658	659	660	661	674	675	676	677	678	679
1	2	3	4	27	28	29	30	53	54	86	87	141	146	160	168	1725	1726
14	15	16	17	64	65	141	146	163	1725	1726
14	15	16	17	75	76	141	146	1725	1726
1	2	3	4	27	28	29	30	141	146	1725	1726
40	41	42	43	141	146	161	162	1725	1726
3928	3929	3930	3931	3932	3958	1097	3933	3934	3935	3936	3937	1097	1097	3938	3939	3940	3941	3942	1097	1097	3943	3944	3945	3946	3947	3951	3952	1097	1097	1097	1097	1097	1097	1097
967	968	969	970	971	972	973	974	975	976	977	978	979	980	981
1048	1049	1059	1060	1070	141	146	1085	1370	1373	1725	1726
1086	1099	1887	1888
1113	1114	1371
1115	1116	1119	1120	1123	1124
1127	1128	1138	1139	141	146	1369	1886	1725	1726	2471	2472	2473	2474	2475	2532
1149	1150	1151	1152	1153	1154	1155	1156	1157	1158	1159	1160	1161	1162	1163	1164	1165	1166	1167	1168	1169	1170	1171	1172	1173	1174	1175	1176	1177	1178	1179	1180	1181	1182	1183	1184	1185	1186	1187	1188	1189	1190	1191	1192	1193	1194	1195	1196	1197	1198	1199	1200	1201	1202	1203	1204	1205	1206	1207	1208	1209	1210	1211	1212	1213	1214	1215	1216	1217	1218	1219	1220	1365	1366	1367	1368
1221	1222	1223	1224	1225	1226	1227	1228	1229	1230	1231	1232	1233	1234	1235	1236	1237	1238	1239	1240	1241	1242	1243	1244	1245	1246	1247	1248	1249	1250	1251	1252	1253	1254	1255	1256	1257	1258	1259	1260	1261	1262	1263	1264	1265	1266	1267	1268	1269	1270	1271	1272	1273	1274	1275	1276	1277	1278	1279	1280	1281	1282	1283	1284	1285	1286	1287	1288	1289	1290	1291	1292
1293	1294	1295	1296	1297	1298	1299	1300	1301	1302	1303	1304	1305	1306	1307	1308	1309	1310	1311	1312	1313	1314	1315	1316	1317	1318	1319	1320	1321	1322	1323	1324	1325	1326	1327	1328	1329	1330	1331	1332	1333	1334	1335	1336	1337	1338	1339	1340	1341	1342	1343	1344	1345	1346	1347	1348	1349	1350	1351	1352	1353	1354	1355	1356	1357	1358	1359	1360	1361	1362	1363	1364
1697	1698	1699	1700	1701	1702
1703	1704
1705	1706	1707	1708
1709	1710	1711	1712
1713	1714	1715	1716
1717	1718	1719	1720
1721	1722	1723	1724
1375	1379	1559	1471	1376	1380	1560	1472	1383	1563	1473	1384	1564	1474	1387	1567	1475	1388	1568	1476	1517	1520	1523	3376	3377	3378	3379	3380	3381
1377	1381	1651	1378	1382	1652	1385	1653	1386	1654	1389	1655	1390	1656	1518	1521	1524	3382	3388	3394	3383	3389	3395	3384	3390	3396	3385	3391	3397	3386	3392	3398	3387	3393	3399
1561	1562	1565	1566	1569	1570	1519	1522	1525	1770	1771	1774	1775	1778	1779	1889	1890	1891	1892
1391	1571	1477	1392	1572	1478	1393	1573	1479	1394	1574	1480	1526	3414	3415	3416	3417
1395	1657	1396	1658	1397	1659	1398	1660	1527	3418	3422	3426	3419	3423	3427	3420	3424	3428	3421	3425	3429
1575	1576	1577	1578	1528	1784	1785	1786	1787	1893
1399	1579	1481	1400	1580	1482	1403	1583	1483	1404	1584	1484	1529	1532	3438	3439	3440	3441
1401	1661	1402	1662	1405	1663	1406	1664	1530	1533	3442	3446	3450	3443	3447	3451	3444	3448	3452	3445	3449	3453
1581	1582	1585	1586	1531	1534	1790	1791	1794	1795	1894	1895
1407	1587	1485	1408	1588	1486	1409	1589	1487	1410	1590	1488	1415	1595	1489	1416	1596	1490	1417	1597	1491	1418	1598	1492	1535	1538	3462	3466	3463	3467	3464	3468	3465	3469
1411	1665	1412	1666	1413	1667	1414	1668	1419	1669	1420	1670	1421	1671	1422	1672	1536	1539	3470	3474	3478	3482	3486	3490	3471	3475	3479	3483	3487	3491	3472	3476	3480	3484	3488	3492	3473	3477	3481	3485	3489	3493
1591	1592	1593	1594	1599	1600	1601	1602	1537	1540	1800	1801	1802	1803	1808	1809	1810	1811	1896	1897
1423	1603	1493	1424	1604	1494	1425	1605	1495	1426	1606	1496	1431	1611	1497	1432	1612	1498	1433	1613	1499	1434	1614	1500	1541	1544	3510	3511	3512	3513	3514	3515	3516	3517
1427	1673	1428	1674	1429	1675	1430	1676	1435	1677	1436	1678	1437	1679	1438	1680	1542	1545	3518	3522	3526	3530	3534	3538	3519	3523	3527	3531	3535	3539	3520	3524	3528	3532	3536	3540	3521	3525	3529	3533	3537	3541
1607	1608	1609	1610	1615	1616	1617	1618	1543	1546	1816	1817	1818	1819	1824	1825	1826	1827	1898	1899
1439	1619	1501	1440	1620	1502	1441	1621	1503	1442	1622	1504	1447	1627	1505	1448	1628	1506	1449	1629	1507	1450	1630	1508	1547	1550	3558	3562	3559	3563	3560	3564	3561	3565
1443	1681	1444	1682	1445	1683	1446	1684	1451	1685	1452	1686	1453	1687	1454	1688	1548	1551	3566	3570	3574	3578	3582	3586	3567	3571	3575	3579	3583	3587	3568	3572	3576	3580	3584	3588	3569	3573	3577	3581	3585	3589
1623	1624	1625	1626	1631	1632	1633	1634	1549	1552	1832	1833	1834	1835	1840	1841	1842	1843	1900	1901
1455	1635	1509	1456	1636	1510	1457	1637	1511	1458	1638	1512	1463	1643	1513	1464	1644	1514	1465	1645	1515	1466	1646	1516	1553	1556	3606	3610	3607	3611	3608	3612	3609	3613
1459	1689	1460	1690	1461	1691	1462	1692	1467	1693	1468	1694	1469	1695	1470	1696	1554	1557	3614	3618	3622	3626	3630	3634	3615	3619	3623	3627	3631	3635	3616	3620	3624	3628	3632	3636	3617	3621	3625	3629	3633	3637
1639	1640	1641	1642	1647	1648	1649	1650	1555	1558	1848	1849	1850	1851	1856	1857	1858	1859	1902	1903
1727	1728	1729	1730	1731	1732	1733	1734	1735	1736	1737	1738	1739	1740	1741	1742	1743	1744	1745	1746	1747	1748	1749	1750	1751	1752	1753	1754	1755	1756	1757	1758	1759	1760	1761	1762	1763	1764	1765	1766
1860	1861	1864	1865	1869	1870	1871	1872	1874	1862	1863	1866	1867	1873	1875	1868	2602
1877	1878	1879	1880	1881	1882	1883
1915	1916	1917	1918	1919	1920	1921	1922	1923	1924	1925	1926	1927	1928	1929	1930	1931	1932	1933	1934	1097	1935	1936	1937	1938	1939	1940	1097	1941	1942	1943	1944	1945	1946	1097	1947	1948	1949	1950	1951	1952	1097	2193	2194	2195	2196	2197	2198	2199	2200	2201	2202	2203	2204	2205	2206	2207	2208	2209	2210	2211	2212	1097	2213	2214	2215	2216	2217	2218	1097	2219	2220	2221	2222	2223	2224	1097	2225	2226	2227	2228	2229	2230	1097
1953	1954	1955	1956	1957	1958	1097	1959	1960	1961	1962	1963	1964	1097	1965	1966	1967	1968	1969	1970	1097	1971	1972	1973	1974	1975	1976	1097	2231	2232	2233	2234	2235	2236	1097	2237	2238	2239	2240	2241	2242	1097	2243	2244	2245	2246	2247	2248	1097	2249	2250	2251	2252	2253	2254	1097
1977	1978	1979	1980	1981	1982	1097	1983	1984	1985	1986	1987	1988	1097	1989	1990	1991	1992	1993	1994	1097	1995	1996	1997	1998	1999	2000	1097	2255	2256	2257	2258	2259	2260	1097	2261	2262	2263	2264	2265	2266	1097	2267	2268	2269	2270	2271	2272	1097	2273	2274	2275	2276	2277	2278	1097
2001	2002	2003	2004	2005	2006	1097	2007	2008	2009	2010	2011	2012	1097	2013	2014	2015	2016	2017	2018	1097	2019	2020	2021	2022	2023	2024	1097	2025	2026	2027	2028	2029	2030	1097	2031	2032	2033	2034	2035	2036	1097	2037	2038	2039	2040	2041	2042	1097	2043	2044	2045	2046	2047	2048	1097	2279	2280	2281	2282	2283	2284	1097	2285	2286	2287	2288	2289	2290	1097	2291	2292	2293	2294	2295	2296	1097	2297	2298	2299	2300	2301	2302	1097	2303	2304	2305	2306	2307	2308	1097	2309	2310	2311	2312	2313	2314	1097	2315	2316	2317	2318	2319	2320	1097	2321	2322	2323	2324	2325	2326	1097
2049	2050	2051	2052	2053	2054	1097	2055	2056	2057	2058	2059	2060	1097	2061	2062	2063	2064	2065	2066	1097	2067	2068	2069	2070	2071	2072	1097	2073	2074	2075	2076	2077	2078	1097	2079	2080	2081	2082	2083	2084	1097	2085	2086	2087	2088	2089	2090	1097	2091	2092	2093	2094	2095	2096	1097	2327	2328	2329	2330	2331	2332	1097	2333	2334	2335	2336	2337	2338	1097	2339	2340	2341	2342	2343	2344	1097	2345	2346	2347	2348	2349	2350	1097	2351	2352	2353	2354	2355	2356	1097	2357	2358	2359	2360	2361	2362	1097	2363	2364	2365	2366	2367	2368	1097	2369	2370	2371	2372	2373	2374	1097
2097	2098	2099	2100	2101	2102	1097	2103	2104	2105	2106	2107	2108	1097	2109	2110	2111	2112	2113	2114	1097	2115	2116	2117	2118	2119	2120	1097	2121	2122	2123	2124	2125	2126	1097	2127	2128	2129	2130	2131	2132	1097	2133	2134	2135	2136	2137	2138	1097	2139	2140	2141	2142	2143	2144	1097	2375	2376	2377	2378	2379	2380	1097	2381	2382	2383	2384	2385	2386	1097	2387	2388	2389	2390	2391	2392	1097	2393	2394	2395	2396	2397	2398	1097	2399	2400	2401	2402	2403	2404	1097	2405	2406	2407	2408	2409	2410	1097	2411	2412	2413	2414	2415	2416	1097	2417	2418	2419	2420	2421	2422	1097
2145	2146	2147	2148	2149	2150	1097	2151	2152	2153	2154	2155	2156	1097	2157	2158	2159	2160	2161	2162	1097	2163	2164	2165	2166	2167	2168	1097	2169	2170	2171	2172	2173	2174	1097	2175	2176	2177	2178	2179	2180	1097	2181	2182	2183	2184	2185	2186	1097	2187	2188	2189	2190	2191	2192	1097	2423	2424	2425	2426	2427	2428	1097	2429	2430	2431	2432	2433	2434	1097	2435	2436	2437	2438	2439	2440	1097	2441	2442	2443	2444	2445	2446	1097	2447	2448	2449	2450	2451	2452	1097	2453	2454	2455	2456	2457	2458	1097	2459	2460	2461	2462	2463	2464	1097	2465	2466	2467	2468	2469	2470	1097
2523	2524	2525	2526	2527	2528	2529	2530	2531
2523	2524	2525	2526	2527	2528	2529
2533	2534	2535	2536	2537	2538
2540	2541	2542	2543	2544	2545	2546	2547
2548	2549	2550
2551	2552	2553	2554	2555	2556	2557	2558	2559	2560	2561	2562
2563	2564	2565	2566	2567	2568	2569	2570	2571	2572	2573	2574	2575	2576
2577	2578	2579	2580	2581	2582	2583	2584	2585	2586	2587	2588	2589	2590
2629	2630	2631	2632	2633	2634
2611	2612	2613	2614	2615	2616
2641	2642	2643	2644	2645	2646	2647	2648	2649	2650	2651	2652	2653	2654	2655
2635	2636	2637	2638	2639	2640
2623	2624	2625	2626	2627	2628
2617	2618	2619	2620	2621	2622
2656
14	15	16	17	3322	3323	3324	3325	3326	3327	3328	3329	3330	3331	3332	3333	3334	3335	3802	3803	3804	3805
2657	2658	2659	2660	2661	2662	2663	2664
2665	2666	2667	2668	2669	2670	2671	2672	2673	2674
2675	2676	2677	2678	2679	2680	1097	2681	2682	2683	2684	2685	2686	1097
53	54	1127	1128	75	76	3336	3337	3338	3339	3340	3341	3342	3343	3344	3345	3346	3347	3348	3349	3350	3351	3352	3353	3354	3355	3356	3357	3358	3359	3360	3361	3362	3363	3364	3365	3366	3367	3368	3369	3370	3371	3810	3811	3812	3813	3814	3815	3816	3817
2711	2712	2713	2714	2715	2716	2717	2718	2719	2720	2721	2722	2723	2724	2725	2726	2819	2820	2821	2822	2823	2824	2825	2826	2827	2828	2829	2830	2831	2832	2833	2834	2927	2928	2929	2930	2931	2932	2933	2934	2935	2936	2937	2938	2939	2940	2941	2942
2727	2728	2729	2730	2731	2732	2733	2734	2735	2736	2737	2738	2739	2740	2741	2742	2743	2744	2745	2746	2835	2836	2837	2838	2839	2840	2841	2842	2843	2844	2845	2846	2847	2848	2849	2850	2851	2852	2853	2854	2943	2944	2945	2946	2947	2948	2949	2950	2951	2952	2953	2954	2955	2956	2957	2958	2959	2960	2961	2962
2747	2748	2749	2750	2751	2752	1097	2753	2754	2755	2756	2757	2758	1097	2759	2760	2761	2762	2763	2764	1097	2765	2766	2767	2768	2769	2770	1097	2855	2856	2857	2858	2859	2860	1097	2861	2862	2863	2864	2865	2866	1097	2867	2868	2869	2870	2871	2872	1097	2873	2874	2875	2876	2877	2878	1097	2963	2964	2965	2966	2967	2968	1097	2969	2970	2971	2972	2973	2974	1097	2975	2976	2977	2978	2979	2980	1097	2981	2982	2983	2984	2985	2986	1097
3372	3373	3374	3375	3689	3690	3691	3692	3693	3719	3720	3721	3722	3723	3724	3725	3694	3695	3696	3697	3698	3699	3700	3701	3702	3703	3704	3705	3706	3707	3708	3709	3710	3711	3712	3713	3714	3715	3806	3807	3808	3809
3035	3036	3037	3038	3039	3040	3041	3042	3089	3090	3091	3092	3093	3094	3095	3096
3043	3044	3045	3046	3047	3048	3049	3050	3051	3052	3097	3098	3099	3100	3101	3102	3103	3104	3105	3106
3053	3054	3055	3056	3057	3058	1097	3059	3060	3061	3062	3063	3064	1097	3107	3108	3109	3110	3111	3112	1097	3113	3114	3115	3116	3117	3118	1097
2193	2194	2195	2196	2197	2198	2199	2200	2201	2202	2203	2204	2205	2206	2207	2208	2209	2210	2211	2212	1097	2213	2214	2215	2216	2217	2218	1097	2219	2220	2221	2222	2223	2224	1097	2225	2226	2227	2228	2229	2230	1097
2255	2256	2257	2258	2259	2260	1097	2261	2262	2263	2264	2265	2266	1097	2267	2268	2269	2270	2271	2272	1097	2273	2274	2275	2276	2277	2278	1097
2327	2328	2329	2330	2331	2332	1097	2333	2334	2335	2336	2337	2338	1097	2339	2340	2341	2342	2343	2344	1097	2345	2346	2347	2348	2349	2350	1097	2351	2352	2353	2354	2355	2356	1097	2357	2358	2359	2360	2361	2362	1097	2363	2364	2365	2366	2367	2368	1097	2369	2370	2371	2372	2373	2374	1097
2279	2280	2281	2282	2283	2284	1097	2285	2286	2287	2288	2289	2290	1097	2291	2292	2293	2294	2295	2296	1097	2297	2298	2299	2300	2301	2302	1097	2303	2304	2305	2306	2307	2308	1097	2309	2310	2311	2312	2313	2314	1097	2315	2316	2317	2318	2319	2320	1097	2321	2322	2323	2324	2325	2326	1097
2231	2232	2233	2234	2235	2236	1097	2237	2238	2239	2240	2241	2242	1097	2243	2244	2245	2246	2247	2248	1097	2249	2250	2251	2252	2253	2254	1097
2375	2376	2377	2378	2379	2380	1097	2381	2382	2383	2384	2385	2386	1097	2387	2388	2389	2390	2391	2392	1097	2393	2394	2395	2396	2397	2398	1097	2399	2400	2401	2402	2403	2404	1097	2405	2406	2407	2408	2409	2410	1097	2411	2412	2413	2414	2415	2416	1097	2417	2418	2419	2420	2421	2422	1097
2423	2424	2425	2426	2427	2428	1097	2429	2430	2431	2432	2433	2434	1097	2435	2436	2437	2438	2439	2440	1097	2441	2442	2443	2444	2445	2446	1097	2447	2448	2449	2450	2451	2452	1097	2453	2454	2455	2456	2457	2458	1097	2459	2460	2461	2462	2463	2464	1097	2465	2466	2467	2468	2469	2470	1097
2687	2688	2689	2690	2691	2692	1097	2693	2694	2695	2696	2697	2698	1097
2699	2700	2701	2702	2703	2704	1097	2705	2706	2707	2708	2709	2710	1097
2771	2772	2773	2774	2775	2776	1097	2777	2778	2779	2780	2781	2782	1097	2783	2784	2785	2786	2787	2788	1097	2789	2790	2791	2792	2793	2794	1097	2879	2880	2881	2882	2883	2884	1097	2885	2886	2887	2888	2889	2890	1097	2891	2892	2893	2894	2895	2896	1097	2897	2898	2899	2900	2901	2902	1097	2987	2988	2989	2990	2991	2992	1097	2993	2994	2995	2996	2997	2998	1097	2999	3000	3001	3002	3003	3004	1097	3005	3006	3007	3008	3009	3010	1097
2795	2796	2797	2798	2799	2800	1097	2801	2802	2803	2804	2805	2806	1097	2807	2808	2809	2810	2811	2812	1097	2813	2814	2815	2816	2817	2818	1097	2903	2904	2905	2906	2907	2908	1097	2909	2910	2911	2912	2913	2914	1097	2915	2916	2917	2918	2919	2920	1097	2921	2922	2923	2924	2925	2926	1097	3011	3012	3013	3014	3015	3016	1097	3017	3018	3019	3020	3021	3022	1097	3023	3024	3025	3026	3027	3028	1097	3029	3030	3031	3032	3033	3034	1097
3065	3066	3067	3068	3069	3070	1097	3071	3072	3073	3074	3075	3076	1097	3119	3120	3121	3122	3123	3124	1097	3125	3126	3127	3128	3129	3130	1097
3077	3078	3079	3080	3081	3082	1097	3083	3084	3085	3086	3087	3088	1097	3131	3132	3133	3134	3135	3136	1097	3137	3138	3139	3140	3141	3142	1097
3677	3678
3683	3684	3685	3686	3687	3688
3679	3680	3681	3682
3726	3727	3728	3729	3819
3730	3731	3732	3733	3734	1097	1098	3820
3735	3736	3737
3738	3739	3740	3741	3742	3743	3744	3745	3746	3747	3748	3749	3750	3752	3751
3821	3822	3823	3824	3825	1097	1097	3826	3827	3828	3829	3830	1097	1097	3831	3832
3834
3835	3836	3837	3838	3839	3959	3960	3961
3866	3867	3868	3869	3870	3871	1097	3872	3873	3874	3875	3876	1097	1097	3877	3878	3879	3880	3881	1097	1097	3882	3883	3884	3885	3886	3890	3891	1097	1097	1097	1097	1097	1097	1097	3922	3923	3924	3925	3926	3927	1097	3902	3903	3904	3905	3906	3907	3920	3921	3908	3097	3910	3911	3920	3921	3912	3913	3914	3915	1097	1097	1097	3917	3918	1097	1097	1097	1097	1097	3893	3953	3895	3954	3897	3955	3899	3956	3901	3957
3962	3963	4026	4027	4090	4091	4154
3966	3967	4030	4031	4094	4095	4156
3964	3965	4028	4029	4092	4093	4155
3968	3969	3970	3971	4032	4033	4034	4035	4096	4097	4098	4099	4157
3972	3973	4036	4037	4100	4101	4158
3974	3975	4038	4039	4102	4103	4159
3976	3977	3978	3979	4040	4041	4042	4043	4104	4105	4106	4107	4160
3980	3981	3982	3983	4044	4045	4046	4047	4108	4109	4110	4111	4161
3984	3985	3986	3987	4048	4049	4050	4051	4112	4113	4114	4115	4162
3988	3989	3990	3991	4052	4053	4054	4055	4116	4117	4118	4119	4163
3992	3993	3994	3995	4056	4057	4058	4059	4120	4121	4122	4123	4164
3996	3997	3998	3999	4060	4061	4062	4063	4124	4125	4126	4127	4165
4000	4001	4002	4003	4064	4065	4066	4067	4128	4129	4130	4131	4166
4004	4005	4006	4007	4068	4069	4070	4071	4132	4133	4134	4135	4167
4008	4009	4072	4073	4136	4137	4168
4010	4011	4012	4013	4074	4075	4076	4077	4138	4139	4140	4141	4169
4014	4015	4016	4017	4078	4079	4080	4081	4142	4143	4144	4145	4170
4018	4019	4020	4021	4082	4083	4084	4085	4146	4147	4148	4149	4171
4022	4023	4086	4087	4150	4151	4172
4024	4025	4088	4089	4152	4153	4173
4174	4175	4176	4177	4178	4179	4180	4181	4182	4183	4184	4185	4186	4187	4188	4189	4190	4191	4192	4193
4194	4196	4198	4200	4202
4195	4197	4199	4201	4203	4204	4205	4206	4207	4208	4209	4210	4211	4212	4213
