CollectionIndex	GroupName	ItemGDP	ItemName	Part	AttributeIndex	AttributeLevel	EnchantLevel	PopCostVMoney	PopCostItem_0	PopCostItem_1	PopCostItem_2
1	S¬ chiÕn: t¨ng kh¸ng tÊt c¶	0;148;52	H-UÈn Linh ®· chØnh söa xong	1;0;0	713	1	1				
2		0;149;52	C-UÈn Linh ®· chØnh söa xong	0;1;0	713	1	1				
3		0;150;52	T-UÈn Linh ®· chØnh söa xong	0;0;1	713	1	1				
4	LiÖt nham: t¨ng søc m¹nh	0;148;1	H-LiÖt Nham-Lv1	1;0;0	264	2	1				
5		0;148;18	H-LiÖt Nham-Lv2	1;0;0	717	3	1				
6		0;148;35	H-LiÖt Nham-Lv3	1;0;0	717	5	1				
7		0;149;1	C-LiÖt Nham-Lv1	0;1;0	264	2	1				
8		0;149;18	C-LiÖt Nham-Lv2	0;1;0	717	3	1				
9		0;149;35	C-LiÖt Nham-Lv3	0;1;0	717	5	1				
10		0;150;1	T-LiÖt Nham-Lv1	0;0;1	264	2	1				
11		0;150;18	T-LiÖt Nham-Lv2	0;0;1	717	3	1				
12		0;150;35	T-LiÖt Nham-Lv3	0;0;1	717	5	1				
13	Ph¸ kh«ng: t¨ng néi lùc	0;148;2	H-Ph¸ Kh«ng-Lv1	1;0;0	267	2	1				
14		0;148;19	H-Ph¸ Kh«ng-Lv2	1;0;0	719	3	1				
15		0;148;36	H-Ph¸ Kh«ng-Lv3	1;0;0	719	5	1				
16		0;149;2	C-Ph¸ Kh«ng-Lv1	0;1;0	267	2	1				
17		0;149;19	C-Ph¸ Kh«ng-Lv2	0;1;0	719	3	1				
18		0;149;36	C-Ph¸ Kh«ng-Lv3	0;1;0	719	5	1				
19		0;150;2	T-Ph¸ Kh«ng-Lv1	0;0;1	267	2	1				
20		0;150;19	T-Ph¸ Kh«ng-Lv2	0;0;1	719	3	1				
21		0;150;36	T-Ph¸ Kh«ng-Lv3	0;0;1	719	5	1				
22	To¸i kiÕm: t¨ng g©n cèt	0;148;3	H-Tóy KiÕm-Lv1	1;0;0	263	2	1				
23		0;148;20	H-Tóy KiÕm-Lv2	1;0;0	721	3	1				
24		0;148;37	H-Tóy KiÕm-Lv3	1;0;0	721	5	1				
25		0;149;3	C-Tóy KiÕm-Lv1	0;1;0	263	2	1				
26		0;149;20	C-Tóy KiÕm-Lv2	0;1;0	721	3	1				
27		0;149;37	C-Tóy KiÕm-Lv3	0;1;0	721	5	1				
28		0;150;3	T-Tóy KiÕm-Lv1	0;0;1	263	2	1				
29		0;150;20	T-Tóy KiÕm-Lv2	0;0;1	721	3	1				
30		0;150;37	T-Tóy KiÕm-Lv3	0;0;1	721	5	1				
31	TËt phong: t¨ng th©n ph¸p	0;148;4	H-TËt Phong-Lv1	1;0;0	265	2	1				
32		0;148;21	H-TËt Phong-Lv2	1;0;0	723	3	1				
33		0;148;38	H-TËt Phong-Lv3	1;0;0	723	5	1				
34		0;149;4	C-TËt Phong-Lv1	0;1;0	265	2	1				
35		0;149;21	C-TËt Phong-Lv2	0;1;0	723	3	1				
36		0;149;38	C-TËt Phong-Lv3	0;1;0	723	5	1				
37		0;150;4	T-TËt Phong-Lv1	0;0;1	265	2	1				
38		0;150;21	T-TËt Phong-Lv2	0;0;1	723	3	1				
39		0;150;38	T-TËt Phong-Lv3	0;0;1	723	5	1				
40	TÊn vò: t¨ng linh ho¹t	0;148;5	H-TÊn Vò-Lv1	1;0;0	266	2	1				
41		0;148;22	H-TÊn Phong-Lv2	1;0;0	725	3	1				
42		0;148;39	H-TÊn Vò-Lv3	1;0;0	725	5	1				
43		0;149;5	C-TÊn Vò-Lv1	0;1;0	266	2	1				
44		0;149;22	C-TÊn Vò-Lv2	0;1;0	725	3	1				
45		0;149;39	C-TÊn Vò-Lv3	0;1;0	725	5	1				
46		0;150;5	T-TÊn Vò-Lv1	0;0;1	266	2	1				
47		0;150;22	T-TÊn Vò-Lv2	0;0;1	725	3	1				
48		0;150;39	T-TÊn Vò-Lv3	0;0;1	725	5	1				
49	Né ng©m: t¨ng néi ngo¹i c«ng	0;149;6	C-Né Ng©m-Lv1	0;1;0	576	1	1				
50		0;149;23	C-Né Ng©m-Lv2	0;1;0	576	2	1				
51		0;149;40	C-Né Ng©m-Lv3	0;1;0	576	3	1				
52	V« l­îng: t¨ng giíi h¹n sinh lùc	0;150;6	T-V« L­îng-Lv1	0;0;1	277	1	1				
53		0;150;23	T-V« L­îng-Lv2	0;0;1	277	2	1				
54		0;150;40	T-V« L­îng-Lv3	0;0;1	277	3	1				
55	øng tËp: t¨ng chÝnh x¸c	0;148;6	H-¦ng TËp-Lv1	1;0;0	574	1	1				
56		0;148;23	H-¦ng TËp-Lv2	1;0;0	13031	3	1				
57		0;148;40	H-¦ng TËp-Lv3	1;0;0	13031	5	1				
58	Xuyªn v©n: cã tû lÖ t¨ng s¸t th­¬ng khi c«ng kÝch	0;149;7	C-Xuyªn V©n-Lv1	0;1;0	682	1	1				
59		0;149;24	C-Xuyªn V©n-Lv2	0;1;0	683	1	1				
60		0;149;41	C-Xuyªn V©n-Lv3	0;1;0	684	1	1				
61	Lang tiªu: cã tû lÖ t¨ng tèc ®é xuÊt chiªu khi c«ng kÝch	0;148;7	H-Lang KhiÕu-Lv1	1;0;0	688	1	1				
62		0;148;24	H-Lang KhiÕu-Lv2	1;0;0	689	1	1				
63		0;148;41	H-Lang KhiÕu-Lv3	1;0;0	690	1	1				
64	Môc minh: t¨ng giíi h¹n néi lùc	0;150;7	T-Môc Minh-Lv1	0;0;1	278	1	1				
65		0;150;24	T-Môc Minh-Lv2	0;0;1	278	2	1				
66		0;150;41	T-Môc Minh-Lv3	0;0;1	278	3	1				
67	Linh t©m: t¨ng nÐ tr¸nh	0;148;8	H-Linh T©m-Lv1	1;0;0	712	1	1				
68		0;148;25	H-Linh T©m-Lv2	1;0;0	289	3	1				
69		0;148;42	H-Linh T©m-Lv3	1;0;0	289	6	1				
70	L¹c nhËt: cã tû lÖ t¨ng néi ngo¹i c«ng khi c«ng kÝch	0;149;8	C-L¹c NhËt-Lv1	0;1;0	685	1	1				
71		0;149;25	C-L¹c NhËt-Lv2	0;1;0	686	1	1				
72		0;149;42	C-L¹c NhËt-Lv3	0;1;0	687	1	1				
73	ChØ chiÕn: khi bÞ tÊn c«ng, cã thÓ khiÕn kÎ c«ng kÝch gi¶m tèc ®é di chuyÓn	0;150;8	T-Ng­ng ChiÕn-Lv1	0;0;1	691	1	1				
74		0;150;25	T-Ng­ng ChiÕn-Lv2	0;0;1	692	1	1				
75		0;150;42	T-Ng­ng ChiÕn-Lv3	0;0;1	693	1	1				
76	ThÇn lùc: t¨ng søc m¹nh, t¨ng g©n cèt	0;148;9	H-ThÇn Lùc-Lv1	1;0;0	694	2	1				
77		0;148;26	H-ThÇn Lùc-Lv2	1;0;0	695	4	1				
78		0;148;43	H-ThÇn Lùc-Lv3	1;0;0	694	6	1				
79		0;149;9	C-ThÇn Lùc-Lv1	0;1;0	694	2	1				
80		0;149;26	C-ThÇn Lùc-Lv2	0;1;0	695	4	1				
81		0;149;43	C-ThÇn Lùc-Lv3	0;1;0	694	6	1				
82		0;150;9	T-ThÇn Lùc-Lv1	0;0;1	694	2	1				
83		0;150;26	T-ThÇn Lùc-Lv2	0;0;1	695	4	1				
84		0;150;43	T-ThÇn Lùc-Lv3	0;0;1	694	6	1				
85	Ng­ng thÇn: t¨ng néi lùc, t¨ng g©n cèt	0;148;10	H-Ng­ng ThÇn-Lv1	1;0;0	696	2	1				
86		0;148;27	H-Ng­ng ThÇn-Lv2	1;0;0	697	4	1				
87		0;148;44	H-Ng­ng ThÇn-Lv3	1;0;0	696	6	1				
88		0;149;10	C-Ng­ng ThÇn Lv1	0;1;0	696	2	1				
89		0;149;27	C-Ng­ng ThÇn-Lv2	0;1;0	697	4	1				
90		0;149;44	C-Ng­ng ThÇn-Lv3	0;1;0	696	6	1				
91		0;150;10	T-Ng­ng ThÇn-Lv1	0;0;1	696	2	1				
92		0;150;27	T-Ng­ng ThÇn-Lv2	0;0;1	697	4	1				
93		0;150;44	T-Ng­ng ThÇn-Lv3	0;0;1	696	6	1				
94	V« gian: t¨ng th©n ph¸p, t¨ng g©n cèt	0;148;11	H-V« Gian-Lv1	1;0;0	698	2	1				
95		0;148;28	H-V« Gian-Lv2	1;0;0	699	4	1				
96		0;148;45	H-V« Gian-Lv3	1;0;0	698	6	1				
97		0;149;11	C-V« Gian-Lv1	0;1;0	698	2	1				
98		0;149;28	C-V« Gian-Lv2	0;1;0	699	4	1				
99		0;149;45	C-V« Gian-Lv3	0;1;0	698	6	1				
100		0;150;11	T-V« Gian-Lv1	0;0;1	698	2	1				
101		0;150;28	T-V« Gian-Lv2	0;0;1	699	4	1				
102		0;150;45	T-V« Giang-Lv3	0;0;1	698	6	1				
103	V« cùc: t¨ng linh ho¹t, t¨ng g©n cèt	0;148;12	H-V« Cùc-Lv1	1;0;0	700	2	1				
104		0;148;29	H-V« Cùc-Lv2	1;0;0	701	4	1				
105		0;148;46	H-V« Cùc-Lv3	1;0;0	700	6	1				
106		0;149;12	C-V« Cùc-Lv1	0;1;0	700	2	1				
107		0;149;29	C-V« Cùc-Lv2	0;1;0	701	4	1				
108		0;149;46	C-V« Cùc-Lv3	0;1;0	700	6	1				
109		0;150;12	T-V« Cùc-Lv1	0;0;1	700	2	1				
110		0;150;29	T-V« Cùc-Lv2	0;0;1	701	4	1				
111		0;150;46	T-V« Cùc-Lv3	0;0;1	700	6	1				
112	Cuång nhËn: t¨ng søc m¹nh, t¨ng th©n ph¸p	0;148;13	H-Cuång NhËn-Lv1	1;0;0	702	2	1				
113		0;148;30	H-Cuång NhËn-Lv2	1;0;0	703	4	1				
114		0;148;47	H-Cuång NhËn-Lv3	1;0;0	702	6	1				
115		0;149;13	C-Cuång NhËn-Lv1	0;1;0	702	2	1				
116		0;149;30	C-Cuång NhËn-Lv2	0;1;0	703	4	1				
117		0;149;47	C-Cuång NhËn-Lv3	0;1;0	702	6	1				
118		0;150;13	T-Cuång NhËn-Lv1	0;0;1	702	2	1				
119		0;150;30	T-Cuång NhËn-Lv2	0;0;1	703	4	1				
120		0;150;47	T-Cuång NhËn-Lv3	0;0;1	702	6	1				
121	L¨ng nhuÖ: t¨ng søc m¹nh, t¨ng linh ho¹t	0;148;14	H-L¨ng NhuÖ-Lv1	1;0;0	704	2	1				
122		0;148;31	H-L¨ng NhuÖ-Lv2	1;0;0	705	4	1				
123		0;148;48	H-L¨ng NhuÖ-Lv3	1;0;0	704	6	1				
124		0;149;14	C-L¨ng NhuÖ-Lv1	0;1;0	704	2	1				
125		0;149;31	C-L¨ng NhuÖ-Lv2	0;1;0	705	4	1				
126		0;149;48	C-L¨ng NhuÖ-Lv3	0;1;0	704	6	1				
127		0;150;14	T-L¨ng NhuÖ-Lv1	0;0;1	704	2	1				
128		0;150;31	T-L¨ng NhuÖ-Lv2	0;0;1	705	4	1				
129		0;150;48	T-L¨ng NhuÖ-Lv3	0;0;1	704	6	1				
130	Linh viªn: t¨ng th©n ph¸p, t¨ng linh ho¹t	0;148;15	H-Linh Viªn-Lv1	1;0;0	706	2	1				
131		0;148;32	H-Linh Viªn-Lv2	1;0;0	707	4	1				
132		0;148;49	H-Linh Viªn-Lv3	1;0;0	706	6	1				
133		0;149;15	C-Linh Viªn-Lv1	0;1;0	706	2	1				
134		0;149;32	C-Linh Viªn-Lv2	0;1;0	707	4	1				
135		0;149;49	C-Linh Viªn-Lv3	0;1;0	706	6	1				
136		0;150;15	T-Linh Viªn-Lv1	0;0;1	706	2	1				
137		0;150;32	T-Linh Viªn-Lv2	0;0;1	707	4	1				
138		0;150;49	T-Linh Viªn-Lv3	0;0;1	706	6	1				
139	H¶i vËn: t¨ng néi c«ng, t¨ng th©n ph¸p	0;148;16	H-H¶i VËn-Lv1	1;0;0	708	2	1				
140		0;148;33	H-H¶i VËn-Lv2	1;0;0	709	4	1				
141		0;148;50	H-H¶i VËn-Lv3	1;0;0	708	6	1				
142		0;149;16	C-H¶i VËn-Lv1	0;1;0	708	2	1				
143		0;149;33	C-H¶i VËn-Lv2	0;1;0	709	4	1				
144		0;149;50	C-H¶i VËn-Lv3	0;1;0	708	6	1				
145		0;150;16	T-H¶i VËn-Lv1	0;0;1	708	2	1				
146		0;150;33	T-H¶i VËn-Lv2	0;0;1	709	4	1				
147		0;150;50	T-H¶i VËn-Lv3	0;0;1	708	6	1				
148	H¶i t©m: t¨ng néi c«ng#t¨ng linh ho¹t	0;148;17	H-H¶i T©m-Lv1	1;0;0	710	2	1				
149		0;148;34	H-H¶i T©m-Lv2	1;0;0	711	4	1				
150		0;148;51	H-H¶i T©m-Lv3	1;0;0	710	6	1				
151		0;149;17	C-H¶i T©m-Lv1	0;1;0	710	2	1				
152		0;149;34	C-H¶i T©m-LV2	0;1;0	711	4	1				
153		0;149;51	C-H¶i T©m-Lv3	0;1;0	710	6	1				
154		0;150;17	T-H¶i T©m-Lv1	0;0;1	710	2	1				
155		0;150;34	T-H¶i T©m-Lv2	0;0;1	711	4	1				
156		0;150;51	T-H¶i T©m-Lv3	0;0;1	710	6	1				
157	LiÖt nham: t¨ng søc m¹nh	0;148;53	H-LiÖt Nham-Lv4	1;0;0	717	6	1		2;1;30499;3	2;1;30666;3	
158		0;148;69	H-LiÖt Nham-Lv5	1;0;0	13548	1	1		2;1;30499;30	2;1;30667;6	
159		0;148;85	H-LiÖt Nham-Lv6	1;0;0	13548	2	1		2;1;30499;200	2;1;30668;9	
160		0;149;53	C-LiÖt Nham-Lv4	0;1;0	717	6	1		2;1;30499;3	2;1;30666;3	
161		0;149;70	C-LiÖt Nham-Lv5	0;1;0	13548	1	1		2;1;30499;30	2;1;30667;6	
162		0;149;87	C-LiÖt Nham-Lv6	0;1;0	13548	2	1		2;1;30499;200	2;1;30668;9	
163		0;150;53	T-LiÖt Nham-Lv4	0;0;1	717	6	1		2;1;30499;3	2;1;30666;3	
164		0;150;69	T-LiÖt Nham-Lv5	0;0;1	13548	1	1		2;1;30499;30	2;1;30667;6	
165		0;150;85	T-LiÖt Nham-Lv6	0;0;1	13548	2	1		2;1;30499;200	2;1;30668;9	
166	Ph¸ kh«ng: t¨ng néi lùc	0;148;54	H-Ph¸ Kh«ng-Lv4	1;0;0	719	6	1		2;1;30499;3	2;1;30666;3	
167		0;148;70	H-Ph¸ Kh«ng-Lv5	1;0;0	13549	1	1		2;1;30499;30	2;1;30667;6	
168		0;148;86	H-Ph¸ Kh«ng-Lv6	1;0;0	13549	2	1		2;1;30499;200	2;1;30668;9	
169		0;149;54	C-Ph¸ Kh«ng-Lv4	0;1;0	719	6	1		2;1;30499;3	2;1;30666;3	
170		0;149;71	C-Ph¸ Kh«ng-Lv5	0;1;0	13549	1	1		2;1;30499;30	2;1;30667;6	
171		0;149;88	C-Ph¸ Kh«ng-Lv6	0;1;0	13549	2	1		2;1;30499;200	2;1;30668;9	
172		0;150;54	T-Ph¸ Kh«ng-Lv4	0;0;1	719	6	1		2;1;30499;3	2;1;30666;3	
173		0;150;70	T-Ph¸ Kh«ng-Lv5	0;0;1	13549	1	1		2;1;30499;30	2;1;30667;6	
174		0;150;86	T-Ph¸ Kh«ng-Lv6	0;0;1	13549	2	1		2;1;30499;200	2;1;30668;9	
175	To¸i kiÕm: t¨ng g©n cèt	0;148;55	H-Tóy KiÕm-Lv4	1;0;0	721	6	1		2;1;30499;3	2;1;30666;3	
176		0;148;71	H-Tóy KiÕm-Lv5	1;0;0	13550	1	1		2;1;30499;30	2;1;30667;6	
177		0;148;87	H-Tóy KiÕm-Lv6	1;0;0	13550	2	1		2;1;30499;200	2;1;30668;9	
178		0;149;55	C-Tóy KiÕm-Lv4	0;1;0	721	6	1		2;1;30499;3	2;1;30666;3	
179		0;149;72	C-Tóy KiÕm-Lv5	0;1;0	13550	1	1		2;1;30499;30	2;1;30667;6	
180		0;149;89	C-Tóy KiÕm-Lv6	0;1;0	13550	2	1		2;1;30499;200	2;1;30668;9	
181		0;150;55	T-Tóy KiÕm-Lv4	0;0;1	721	6	1		2;1;30499;3	2;1;30666;3	
182		0;150;71	T-Tóy KiÕm-Lv5	0;0;1	13550	1	1		2;1;30499;30	2;1;30667;6	
183		0;150;87	T-Tóy KiÕm-Lv6	0;0;1	13550	2	1		2;1;30499;200	2;1;30668;9	
184	TËt phong: t¨ng th©n ph¸p	0;148;56	H-TËt Phong-Lv4	1;0;0	723	6	1		2;1;30499;3	2;1;30666;3	
185		0;148;72	H-TËt Phong-Lv5	1;0;0	13551	1	1		2;1;30499;30	2;1;30667;6	
186		0;148;88	H-TËt Phong-Lv6	1;0;0	13551	2	1		2;1;30499;200	2;1;30668;9	
187		0;149;56	C-TËt Phong-Lv4	0;1;0	723	6	1		2;1;30499;3	2;1;30666;3	
188		0;149;73	C-TËt Phong-Lv5	0;1;0	13551	1	1		2;1;30499;30	2;1;30667;6	
189		0;149;90	C-TËt Phong-Lv6	0;1;0	13551	2	1		2;1;30499;200	2;1;30668;9	
190		0;150;56	T-TËt Phong-Lv4	0;0;1	723	6	1		2;1;30499;3	2;1;30666;3	
191		0;150;72	T-TËt Phong-Lv5	0;0;1	13551	1	1		2;1;30499;30	2;1;30667;6	
192		0;150;88	T-TËt Phong-Lv6	0;0;1	13551	2	1		2;1;30499;200	2;1;30668;9	
193	TÊn vò: t¨ng linh ho¹t	0;148;57	H-TÊn Vò-Lv4	1;0;0	725	6	1		2;1;30499;3	2;1;30666;3	
194		0;148;73	H-TÊn Vò-Lv5	1;0;0	13552	1	1		2;1;30499;30	2;1;30667;6	
195		0;148;89	H-TÊn Vò-Lv6	1;0;0	13552	2	1		2;1;30499;200	2;1;30668;9	
196		0;149;57	C-TÊn Vò-Lv4	0;1;0	725	6	1		2;1;30499;3	2;1;30666;3	
197		0;149;74	C-TÊn Vò-Lv5	0;1;0	13552	1	1		2;1;30499;30	2;1;30667;6	
198		0;149;91	C-TÊn Vò-Lv6	0;1;0	13552	2	1		2;1;30499;200	2;1;30668;9	
199		0;150;57	T-TÊn Vò-Lv4	0;0;1	725	6	1		2;1;30499;3	2;1;30666;3	
200		0;150;73	T-TÊn Vò-Lv5	0;0;1	13552	1	1		2;1;30499;30	2;1;30667;6	
201		0;150;89	T-TÊn Vò-Lv6	0;0;1	13552	2	1		2;1;30499;200	2;1;30668;9	
202	Qu¸n Th¹ch: T¨ng ngo¹i c«ng	0;149;58	C-Qu¸n Th¹ch-Lv4	0;1;0	13555	1	1		2;1;30499;3	2;1;30666;3	
203		0;149;75	C-Qu¸n Th¹ch-Lv5	0;1;0	13556	1	1		2;1;30499;30	2;1;30667;6	
204		0;149;92	C-Qu¸n Th¹ch-Lv6	0;1;0	13556	2	1		2;1;30499;200	2;1;30668;9	
205	Né Ng©m: T¨ng néi kÝch	0;149;59	C-Né Ng©m-Lv4	0;1;0	13557	1	1		2;1;30499;3	2;1;30666;3	
206		0;149;76	C-Né Ng©m-Lv5	0;1;0	13558	1	1		2;1;30499;30	2;1;30667;6	
207		0;149;93	C-Né Ng©m-Lv6	0;1;0	13558	2	1		2;1;30499;200	2;1;30668;9	
208	V« l­îng: t¨ng giíi h¹n sinh lùc	0;150;58	T-V« L­îng-Lv4	0;0;1	13559	1	1		2;1;30499;3	2;1;30666;3	
209		0;150;74	T-V« L­îng-Lv5	0;0;1	13559	4	1		2;1;30499;30	2;1;30667;6	
210		0;150;90	T-V« L­îng-Lv6	0;0;1	13561	1	1		2;1;30499;200	2;1;30668;9	
211	øng tËp: t¨ng chÝnh x¸c	0;148;58	H-¦ng TËp-Lv4	1;0;0	307	6	1		2;1;30499;3	2;1;30666;3	
212		0;148;74	H-¦ng TËp-Lv5	1;0;0	13538	1	1		2;1;30499;30	2;1;30667;6	
213		0;148;90	H-¦ng TËp-Lv6	1;0;0	13538	2	1		2;1;30499;200	2;1;30668;9	
214	Xuyªn v©n: cã tû lÖ t¨ng s¸t th­¬ng khi c«ng kÝch	0;149;60	C-Xuyªn V©n-Lv4	0;1;0	13197	6	1		2;1;30499;3	2;1;30666;3	
215		0;149;77	C-Xuyªn V©n-Lv5	0;1;0	13352	2	1		2;1;30499;30	2;1;30667;6	
216		0;149;94	C-Xuyªn V©n-Lv6	0;1;0	563	5	1		2;1;30499;200	2;1;30668;9	
217	Môc minh: t¨ng giíi h¹n néi lùc	0;150;59	T-Môc Minh-Lv4	0;0;1	13560	1	1		2;1;30499;3	2;1;30666;3	
218		0;150;75	T-Môc Minh-Lv5	0;0;1	13560	4	1		2;1;30499;30	2;1;30667;6	
219		0;150;91	T-Môc Minh-Lv6	0;0;1	13562	1	1		2;1;30499;200	2;1;30668;9	
220	Linh t©m: t¨ng nÐ tr¸nh	0;148;59	H-Linh T©m-Lv4	1;0;0	13537	1	1		2;1;30499;3	2;1;30666;3	
221		0;148;75	H-Linh T©m-Lv5	1;0;0	13537	2	1		2;1;30499;30	2;1;30667;6	
222		0;148;91	H-Linh T©m-Lv6	1;0;0	13537	3	1		2;1;30499;200	2;1;30668;9	
223	ThÇn lùc: t¨ng søc m¹nh, t¨ng g©n cèt	0;148;60	H-ThÇn Lùc-Lv4	1;0;0	13539	1	1		2;1;30499;3	2;1;30666;3	
224		0;148;76	H-ThÇn Lùc-Lv5	1;0;0	13539	2	1		2;1;30499;30	2;1;30667;6	
225		0;148;92	H-ThÇn Lùc-Lv6	1;0;0	13539	3	1		2;1;30499;200	2;1;30668;9	
226		0;149;61	C-ThÇn Lùc-Lv4	0;1;0	13539	1	1		2;1;30499;3	2;1;30666;3	
227		0;149;78	C-ThÇn Lùc-Lv5	0;1;0	13539	2	1		2;1;30499;30	2;1;30667;6	
228		0;149;95	C-ThÇn Lùc-Lv6	0;1;0	13539	3	1		2;1;30499;200	2;1;30668;9	
229		0;150;60	T-ThÇn Lùc-Lv4	0;0;1	13539	1	1		2;1;30499;3	2;1;30666;3	
230		0;150;76	T-ThÇn Lùc-Lv5	0;0;1	13539	2	1		2;1;30499;30	2;1;30667;6	
231		0;150;92	T-ThÇn Lùc-Lv6	0;0;1	13539	3	1		2;1;30499;200	2;1;30668;9	
232	Ng­ng thÇn: t¨ng néi lùc, t¨ng g©n cèt	0;148;61	H-Ng­ng ThÇn-Lv4	1;0;0	13540	1	1		2;1;30499;3	2;1;30666;3	
233		0;148;77	H-Ng­ng ThÇn-Lv5	1;0;0	13540	2	1		2;1;30499;30	2;1;30667;6	
234		0;148;93	H-Ng­ng ThÇn-Lv6	1;0;0	13540	3	1		2;1;30499;200	2;1;30668;9	
235		0;149;62	C-Ng­ng ThÇn-Lv4	0;1;0	13540	1	1		2;1;30499;3	2;1;30666;3	
236		0;149;79	C-Ng­ng ThÇn-Lv5	0;1;0	13540	2	1		2;1;30499;30	2;1;30667;6	
237		0;149;96	C-Ng­ng ThÇn-Lv6	0;1;0	13540	3	1		2;1;30499;200	2;1;30668;9	
238		0;150;61	T-Ng­ng ThÇn-Lv4	0;0;1	13540	1	1		2;1;30499;3	2;1;30666;3	
239		0;150;77	T-Ng­ng ThÇn-Lv5	0;0;1	13540	2	1		2;1;30499;30	2;1;30667;6	
240		0;150;93	T-Ng­ng ThÇn-Lv6	0;0;1	13540	3	1		2;1;30499;200	2;1;30668;9	
241	V« gian: t¨ng th©n ph¸p, t¨ng g©n cèt	0;148;62	H-V« Gian-Lv4	1;0;0	13541	1	1		2;1;30499;3	2;1;30666;3	
242		0;148;78	H-V« Gian-Lv5	1;0;0	13541	2	1		2;1;30499;30	2;1;30667;6	
243		0;148;94	H-V« Gian-Lv6	1;0;0	13541	3	1		2;1;30499;200	2;1;30668;9	
244		0;149;63	C-V« Gian-Lv4	0;1;0	13541	1	1		2;1;30499;3	2;1;30666;3	
245		0;149;80	C-V« Gian-Lv5	0;1;0	13541	2	1		2;1;30499;30	2;1;30667;6	
246		0;149;97	C-V« Gian-Lv6	0;1;0	13541	3	1		2;1;30499;200	2;1;30668;9	
247		0;150;62	T-V« Gian-Lv4	0;0;1	13541	1	1		2;1;30499;3	2;1;30666;3	
248		0;150;78	T-V« Gian-Lv5	0;0;1	13541	2	1		2;1;30499;30	2;1;30667;6	
249		0;150;94	T-V« Gian-Lv6	0;0;1	13541	3	1		2;1;30499;200	2;1;30668;9	
250	V« cùc: t¨ng linh ho¹t, t¨ng g©n cèt	0;148;63	H-V« Cùc-Lv4	1;0;0	13542	1	1		2;1;30499;3	2;1;30666;3	
251		0;148;79	H-V« Cùc-Lv5	1;0;0	13542	2	1		2;1;30499;30	2;1;30667;6	
252		0;148;95	H-V« Cùc-Lv6	1;0;0	13542	3	1		2;1;30499;200	2;1;30668;9	
253		0;149;64	C-V« Cùc-Lv4	0;1;0	13542	1	1		2;1;30499;3	2;1;30666;3	
254		0;149;81	C-V« Cùc-Lv5	0;1;0	13542	2	1		2;1;30499;30	2;1;30667;6	
255		0;149;98	C-V« Cùc-Lv6	0;1;0	13542	3	1		2;1;30499;200	2;1;30668;9	
256		0;150;63	T-V« Cùc-Lv4	0;0;1	13542	1	1		2;1;30499;3	2;1;30666;3	
257		0;150;79	T-V« Cùc-Lv5	0;0;1	13542	2	1		2;1;30499;30	2;1;30667;6	
258		0;150;95	T-V« Cùc-Lv6	0;0;1	13542	3	1		2;1;30499;200	2;1;30668;9	
259	Cuång nhËn: t¨ng søc m¹nh, t¨ng th©n ph¸p	0;148;64	H-Cuång NhÉn-Lv4	1;0;0	13543	1	1		2;1;30499;3	2;1;30666;3	
260		0;148;80	H-Cuång NhÉn-Lv5	1;0;0	13543	2	1		2;1;30499;30	2;1;30667;6	
261		0;148;96	H-Cuång NhÉn-Lv6	1;0;0	13543	3	1		2;1;30499;200	2;1;30668;9	
262		0;149;65	C-Cuång NhÉn-Lv4	0;1;0	13543	1	1		2;1;30499;3	2;1;30666;3	
263		0;149;82	C-Cuång NhÉn-Lv5	0;1;0	13543	2	1		2;1;30499;30	2;1;30667;6	
264		0;149;99	C-Cuång NhÉn-Lv6	0;1;0	13543	3	1		2;1;30499;200	2;1;30668;9	
265		0;150;64	T-Cuång NhÉn-Lv4	0;0;1	13543	1	1		2;1;30499;3	2;1;30666;3	
266		0;150;80	T-Cuång NhÉn-Lv5	0;0;1	13543	2	1		2;1;30499;30	2;1;30667;6	
267		0;150;96	T-Cuång NhÉn-Lv6	0;0;1	13543	3	1		2;1;30499;200	2;1;30668;9	
268	L¨ng nhuÖ: t¨ng søc m¹nh, t¨ng linh ho¹t	0;148;65	H-L¨ng NhuÖ-Lv4	1;0;0	13544	1	1		2;1;30499;3	2;1;30666;3	
269		0;148;81	H-L¨ng NhuÖ-Lv5	1;0;0	13544	2	1		2;1;30499;30	2;1;30667;6	
270		0;148;97	H-L¨ng NhuÖ-Lv6	1;0;0	13544	3	1		2;1;30499;200	2;1;30668;9	
271		0;149;66	C-L¨ng NhuÖ-Lv4	0;1;0	13544	1	1		2;1;30499;3	2;1;30666;3	
272		0;149;83	C-L¨ng NhuÖ-Lv5	0;1;0	13544	2	1		2;1;30499;30	2;1;30667;6	
273		0;149;100	C-L¨ng NhuÖ-Lv6	0;1;0	13544	3	1		2;1;30499;200	2;1;30668;9	
274		0;150;65	T-L¨ng NhuÖ-Lv4	0;0;1	13544	1	1		2;1;30499;3	2;1;30666;3	
275		0;150;81	T-L¨ng NhuÖ-Lv5	0;0;1	13544	2	1		2;1;30499;30	2;1;30667;6	
276		0;150;97	T-L¨ng NhuÖ-Lv6	0;0;1	13544	3	1		2;1;30499;200	2;1;30668;9	
277	Linh viªn: t¨ng th©n ph¸p, t¨ng linh ho¹t	0;148;66	H-Linh Viªn-Lv4	1;0;0	13545	1	1		2;1;30499;3	2;1;30666;3	
278		0;148;82	H-Linh Viªn-Lv5	1;0;0	13545	2	1		2;1;30499;30	2;1;30667;6	
279		0;148;98	H-Linh Viªn-Lv6	1;0;0	13545	3	1		2;1;30499;200	2;1;30668;9	
280		0;149;67	C-Linh Viªn-Lv4	0;1;0	13545	1	1		2;1;30499;3	2;1;30666;3	
281		0;149;84	C-Linh Viªn-Lv5	0;1;0	13545	2	1		2;1;30499;30	2;1;30667;6	
282		0;149;101	C-Linh Viªn-Lv6	0;1;0	13545	3	1		2;1;30499;200	2;1;30668;9	
283		0;150;66	T-Linh Viªn-Lv4	0;0;1	13545	1	1		2;1;30499;3	2;1;30666;3	
284		0;150;82	T-Linh Viªn-Lv5	0;0;1	13545	2	1		2;1;30499;30	2;1;30667;6	
285		0;150;98	T-Linh Viªn-Lv6	0;0;1	13545	3	1		2;1;30499;200	2;1;30668;9	
286	H¶i vËn: t¨ng néi c«ng, t¨ng th©n ph¸p	0;148;67	H-H¶i VËn-Lv4	1;0;0	13546	1	1		2;1;30499;3	2;1;30666;3	
287		0;148;83	H-H¶i VËn-Lv5	1;0;0	13546	2	1		2;1;30499;30	2;1;30667;6	
288		0;148;99	H-H¶i VËn-Lv6	1;0;0	13546	3	1		2;1;30499;200	2;1;30668;9	
289		0;149;68	C-H¶i VËn-Lv4	0;1;0	13546	1	1		2;1;30499;3	2;1;30666;3	
290		0;149;85	C-H¶i VËn-Lv5	0;1;0	13546	2	1		2;1;30499;30	2;1;30667;6	
291		0;149;102	C-H¶i VËn-Lv6	0;1;0	13546	3	1		2;1;30499;200	2;1;30668;9	
292		0;150;67	T-H¶i VËn-Lv4	0;0;1	13546	1	1		2;1;30499;3	2;1;30666;3	
293		0;150;83	T-H¶i VËn-Lv5	0;0;1	13546	2	1		2;1;30499;30	2;1;30667;6	
294		0;150;99	T-H¶i VËn-Lv6	0;0;1	13546	3	1		2;1;30499;200	2;1;30668;9	
295	H¶i t©m: t¨ng néi c«ng#t¨ng linh ho¹t	0;148;68	H-H¶i T©m-Lv4	1;0;0	13547	1	1		2;1;30499;3	2;1;30666;3	
296		0;148;84	H-H¶i T©m-Lv5	1;0;0	13547	2	1		2;1;30499;30	2;1;30667;6	
297		0;148;100	H-H¶i T©m-Lv6	1;0;0	13547	3	1		2;1;30499;200	2;1;30668;9	
298		0;149;69	C-H¶i T©m-Lv4	0;1;0	13547	1	1		2;1;30499;3	2;1;30666;3	
299		0;149;86	C-H¶i T©m-Lv5	0;1;0	13547	2	1		2;1;30499;30	2;1;30667;6	
300		0;149;103	C-H¶i T©m-Lv6	0;1;0	13547	3	1		2;1;30499;200	2;1;30668;9	
301		0;150;68	T-H¶i T©m-Lv4	0;0;1	13547	1	1		2;1;30499;3	2;1;30666;3	
302		0;150;84	T-H¶i T©m-Lv5	0;0;1	13547	2	1		2;1;30499;30	2;1;30667;6	
303		0;150;100	T-H¶i T©m-Lv6	0;0;1	13547	3	1		2;1;30499;200	2;1;30668;9	
