Level	MedicineID	Genre	Detail	Particular	MinNum	MaxNum	Text
ng cp	Hng dn dc phm	Loi ln	Loi ph	Loi nh	S lng nh nht	S lng ln nht	Tn vt phm
10	1000	1	0	2	6	10	ɢ
10	1001	1	0	7	4	8	С
10	1002	1	0	12	2	6	ɢ
20	1003	1	0	3	6	10	ֹѪɢ
20	1004	1	0	8	4	8	
20	1005	1	0	13	2	6	ɢ
30	1006	1	0	3	12	20	ֹѪɢ
30	1007	1	0	8	8	16	
30	1008	1	0	13	4	12	ɢ
40	1009	1	0	4	6	10	ɢ
40	1010	1	0	9	4	8	󻹵
40	1011	1	0	14	2	6	ɢ
50	1012	1	0	4	12	20	ɢ
50	1013	1	0	9	8	16	󻹵
50	1014	1	0	14	4	12	ɢ
60	1015	1	0	5	6	10	ƽ
60	1016	1	0	10	4	8	һԪʼ
60	1017	1	0	15	2	6	廨¶
70	1018	1	0	5	12	20	ƽ
70	1019	1	0	10	8	16	һԪʼ
70	1020	1	0	15	4	12	廨¶
80	1021	1	0	6	6	10	
80	1022	1	0	11	4	8	Ԫ
80	1023	1	0	16	2	6	컯ɢ
90	1024	1	0	6	12	20	
90	1025	1	0	11	8	16	Ԫ
90	1026	1	0	16	4	12	컯ɢ
