SortID	UnitIndex	MapID	MapX	MapY	NpcID	NpcName	RandomTable	SpawnPeriod	Amount	Limit	SpawnerCount
101	1	1	1542	3474	看门狗	看门狗	0	2	1	1	20
102	1	1	1525	3425	看门狗	看门狗	0	2	1	1	20
103	1	1	1546	3421	看门狗	看门狗	0	2	1	1	20
104	1	1	1518	3401	看门狗	看门狗	0	2	1	1	20
105	1	1	1542	3378	看门狗	看门狗	0	2	1	1	20
106	1	1	1525	3385	护院家丁	护院家丁	0	2	1	1	20
107	1	1	1504	3346	护院家丁	护院家丁	0	2	1	1	20
108	1	1	1533	3346	护院家丁	护院家丁	0	2	1	1	20
109	1	1	1529	3312	护院家丁	护院家丁	0	2	1	1	20
110	1	1	1550	3323	护院家丁	护院家丁	0	2	1	1	20
111	1	1	1553	3248	护院家丁	护院家丁	0	2	1	1	20
112	1	1	1593	3272	护院家丁	护院家丁	0	2	1	1	20
113	1	1	1595	3217	护院家丁	护院家丁	0	2	1	1	20
114	1	1	1562	3205	护院家丁	护院家丁	0	2	1	1	20
115	1	1	1614	3250	护院家丁	护院家丁	0	2	1	1	20
201	1	2	1600	3155	护院家丁	护院家丁	0	2	1	1	20
202	1	2	1602	3177	护院家丁	护院家丁	0	2	1	1	20
203	1	2	1618	3195	护院家丁	护院家丁	0	2	1	1	20
204	1	2	1635	3189	护院家丁	护院家丁	0	2	1	1	20
205	1	2	1652	3177	护院家丁	护院家丁	0	2	1	1	20
206	1	2	1663	3164	护院家丁	护院家丁	0	2	1	1	20
207	1	2	1651	3137	护院家丁	护院家丁	0	2	1	1	20
208	1	2	1627	3125	护院家丁	护院家丁	0	2	1	1	20
209	1	2	1613	3134	护院家丁	护院家丁	0	2	1	1	20
210	1	2	1644	3119	护院家丁	护院家丁	0	2	1	1	20
211	1	2	1664	3140	护院家丁	护院家丁	0	2	1	1	20
212	1	2	1681	3146	护院家丁	护院家丁	0	2	1	1	20
213	1	2	1679	3164	护院家丁	护院家丁	0	2	1	1	20
214	1	2	1693	3158	护院家丁	护院家丁	0	2	1	1	20
215	1	2	1670	3174	护院家丁	护院家丁	0	2	1	1	20
216	1	2	1656	3192	护院家丁	护院家丁	0	2	1	1	20
217	1	2	1647	3212	护院家丁	护院家丁	0	2	1	1	20
218	1	2	1630	3205	护院家丁	护院家丁	0	2	1	1	20
219	1	2	1638	3220	护院家丁	护院家丁	0	2	1	1	20
220	1	2	1594	3166	护院家丁	护院家丁	0	2	1	1	20
221	1	2	1584	3166	护院家丁	护院家丁	0	2	1	1	20
222	1	2	1582	3151	护院家丁	护院家丁	0	2	1	1	20
223	1	2	1573	3159	护院家丁	护院家丁	0	2	1	1	20
224	1	2	1618	3114	护院家丁	护院家丁	0	2	1	1	20
225	1	2	1631	3107	护院家丁	护院家丁	0	2	1	1	20
226	1	2	1624	3093	护院家丁	护院家丁	0	2	1	1	20
227	1	2	1639	3092	护院家丁	护院家丁	0	2	1	1	20
228	1	2	1624	3138	山庄教头	山庄教头	0	4	1	1	20
229	1	2	1612	3153	山庄教头	山庄教头	0	4	1	1	20
230	1	2	1627	3189	山庄教头	山庄教头	0	4	1	1	20
231	1	2	1639	3137	山庄教头	山庄教头	0	4	1	1	20
232	1	2	1656	3151	山庄教头	山庄教头	0	4	1	1	20
233	1	2	1637	3209	山庄教头	山庄教头	0	4	1	1	20
234	1	2	1609	3187	山庄教头	山庄教头	0	4	1	1	20
235	1	2	1587	3157	山庄教头	山庄教头	0	4	1	1	20
236	1	2	1606	3124	山庄教头	山庄教头	0	4	1	1	20
237	1	2	1632	3095	山庄教头	山庄教头	0	4	1	1	20
238	1	2	1573	3153	山庄教头	山庄教头	0	4	1	1	20
239	1	2	1594	3128	山庄教头	山庄教头	0	4	1	1	20
240	1	2	1613	3109	山庄教头	山庄教头	0	4	1	1	20
241	1	2	1632	3086	山庄教头	山庄教头	0	4	1	1	20
242	1	2	1626	3126	山庄教头	山庄教头	0	4	1	1	20
243	1	2	1663	3165	山庄教头	山庄教头	0	4	1	1	20
244	1	2	1598	3153	山庄教头	山庄教头	0	4	1	1	20
245	1	2	1636	3189	山庄教头	山庄教头	0	4	1	1	20
246	1	2	1637	3226	山庄教头	山庄教头	0	4	1	1	20
247	1	2	1701	3161	山庄教头	山庄教头	0	4	1	1	20
248	1	2	1657	3119	山庄教头	山庄教头	0	4	1	1	20
249	1	2	1611	3183	山庄教头	山庄教头	0	4	1	1	20
301	1	3	1578	3142	看门狗	看门狗	0	4	1	1	20
302	1	3	1580	3152	看门狗	看门狗	0	4	1	1	20
303	1	3	1583	3145	看门狗	看门狗	0	4	1	1	20
304	1	3	1594	3129	看门狗	看门狗	0	4	1	1	20
305	1	3	1599	3118	看门狗	看门狗	0	4	1	1	20
306	1	3	1599	3127	看门狗	看门狗	0	4	1	1	20
307	1	3	1622	3092	看门狗	看门狗	0	4	1	1	20
308	1	3	1619	3099	看门狗	看门狗	0	4	1	1	20
309	1	3	1615	3104	看门狗	看门狗	0	4	1	1	20
310	1	3	1625	3102	看门狗	看门狗	0	4	1	1	20
311	1	3	1622	3107	看门狗	看门狗	0	4	1	1	20
312	1	3	1643	3083	看门狗	看门狗	0	4	1	1	20
313	1	3	1651	3082	看门狗	看门狗	0	4	1	1	20
314	1	3	1647	3073	看门狗	看门狗	0	4	1	1	20
315	1	3	1649	3090	看门狗	看门狗	0	4	1	1	20
316	1	3	1670	3095	看门狗	看门狗	0	4	1	1	20
317	1	3	1675	3101	看门狗	看门狗	0	4	1	1	20
318	1	3	1668	3102	看门狗	看门狗	0	4	1	1	20
319	1	3	1674	3106	看门狗	看门狗	0	4	1	1	20
320	1	3	1691	3119	看门狗	看门狗	0	4	1	1	20
321	1	3	1689	3131	看门狗	看门狗	0	4	1	1	20
322	1	3	1696	3125	看门狗	看门狗	0	4	1	1	20
323	1	3	1667	3130	看门狗	看门狗	0	4	1	1	20
324	1	3	1667	3148	看门狗	看门狗	0	4	1	1	20
325	1	3	1673	3137	看门狗	看门狗	0	4	1	1	20
326	1	3	1651	3156	看门狗	看门狗	0	4	1	1	20
327	1	3	1652	3164	看门狗	看门狗	0	4	1	1	20
328	1	3	1646	3164	看门狗	看门狗	0	4	1	1	20
329	1	3	1637	3180	看门狗	看门狗	0	4	1	1	20
330	1	3	1632	3185	看门狗	看门狗	0	4	1	1	20
331	1	3	1622	3193	看门狗	看门狗	0	4	1	1	20
332	1	3	1629	3195	看门狗	看门狗	0	4	1	1	20
333	1	3	1624	3204	看门狗	看门狗	0	4	1	1	20
334	1	3	1620	3139	看门狗	看门狗	0	4	1	1	20
335	1	3	1619	3157	看门狗	看门狗	0	4	1	1	20
336	1	3	1638	3139	看门狗	看门狗	0	4	1	1	20
337	1	3	1638	3159	看门狗	看门狗	0	4	1	1	20
338	1	3	1629	3148	看门狗	看门狗	0	4	1	1	20
339	1	3	1587	3134	老女仆	老女仆	0	4	1	1	20
340	1	3	1609	3111	老女仆	老女仆	0	4	1	1	20
341	1	3	1631	3088	老女仆	老女仆	0	4	1	1	20
342	1	3	1660	3092	老女仆	老女仆	0	4	1	1	20
343	1	3	1684	3113	老女仆	老女仆	0	4	1	1	20
344	1	3	1681	3132	老女仆	老女仆	0	4	1	1	20
345	1	3	1664	3153	老女仆	老女仆	0	4	1	1	20
346	1	3	1644	3174	老女仆	老女仆	0	4	1	1	20
401	1	4	1682	3038	高级山庄弟子	Tng Kim  t?	0	8	1	1	20
402	1	4	1686	3034	高级山庄弟子	Tng Kim  t?	0	8	1	1	20
403	1	4	1687	3032	高级山庄弟子	Tng Kim  t?	0	8	1	1	20
404	1	4	1703	3017	高级山庄弟子	Tng Kim  t?	0	8	1	1	20
405	1	4	1707	3014	高级山庄弟子	Tng Kim  t?	0	8	1	1	20
406	1	4	1725	3005	高级山庄弟子	Tng Kim  t?	0	8	1	1	20
407	1	4	1727	3006	高级山庄弟子	Tng Kim  t?	0	8	1	1	20
408	1	4	1729	3008	高级山庄弟子	Tng Kim  t?	0	8	1	1	20
409	1	4	1726	2971	高级山庄弟子	Tng Kim  t?	0	8	1	1	20
410	1	4	1728	2970	高级山庄弟子	Tng Kim  t?	0	8	1	1	20
411	1	4	1741	2957	高级山庄弟子	Tng Kim  t?	0	8	1	1	20
412	1	4	1743	2956	高级山庄弟子	Tng Kim  t?	0	8	1	1	20
413	1	4	1774	2932	高级山庄弟子	Tng Kim  t?	0	8	1	1	20
414	1	4	1782	2923	高级山庄弟子	Tng Kim  t?	0	8	1	1	20
415	1	4	1809	2896	高级山庄弟子	Tng Kim  t?	0	8	1	1	20
416	1	4	1816	2886	高级山庄弟子	Tng Kim  t?	0	8	1	1	20
417	1	4	1819	2883	高级山庄弟子	Tng Kim  t?	0	8	1	1	20
418	1	4	1799	2925	高级山庄弟子	Tng Kim  t?	0	8	1	1	20
419	1	4	1802	2927	高级山庄弟子	Tng Kim  t?	0	8	1	1	20
420	1	4	1823	2937	高级山庄弟子	Tng Kim  t?	0	8	1	1	20
421	1	4	1826	2934	高级山庄弟子	Tng Kim  t?	0	8	1	1	20
422	1	4	1832	2926	高级山庄弟子	Tng Kim  t?	0	8	1	1	20
423	1	4	1834	2922	高级山庄弟子	Tng Kim  t?	0	8	1	1	20
424	1	4	1842	2917	高级山庄弟子	Tng Kim  t?	0	8	1	1	20
425	1	4	1847	2913	高级山庄弟子	Tng Kim  t?	0	8	1	1	20
426	1	4	1799	2963	高级山庄弟子	Tng Kim  t?	0	8	1	1	20
427	1	4	1796	2965	高级山庄弟子	Tng Kim  t?	0	8	1	1	20
428	1	4	1789	2971	高级山庄弟子	Tng Kim  t?	0	8	1	1	20
429	1	4	1785	2977	高级山庄弟子	Tng Kim  t?	0	8	1	1	20
430	1	4	1781	2981	高级山庄弟子	Tng Kim  t?	0	8	1	1	20
431	1	4	1770	2968	高级山庄弟子	Tng Kim  t?	0	8	1	1	20
432	1	4	1762	2973	高级山庄弟子	Tng Kim  t?	0	8	1	1	20
433	1	4	1753	3017	高级山庄弟子	Tng Kim  t?	0	8	1	1	20
434	1	4	1756	3013	高级山庄弟子	Tng Kim  t?	0	8	1	1	20
435	1	4	1759	3010	高级山庄弟子	Tng Kim  t?	0	8	1	1	20
436	1	4	1706	3063	高级山庄弟子	Tng Kim  t?	0	8	1	1	20
437	1	4	1709	3060	高级山庄弟子	Tng Kim  t?	0	8	1	1	20
438	1	4	1713	3056	高级山庄弟子	Tng Kim  t?	0	8	1	1	20
439	1	4	1715	3051	高级山庄弟子	Tng Kim  t?	0	8	1	1	20
440	1	4	1718	3048	高级山庄弟子	Tng Kim  t?	0	8	1	1	20
441	1	4	1729	3040	高级山庄弟子	Tng Kim  t?	0	8	1	1	20
442	1	4	1734	3089	高级山庄弟子	Tng Kim  t?	0	8	1	1	20
443	1	4	1737	3086	高级山庄弟子	Tng Kim  t?	0	8	1	1	20
444	1	4	1740	3082	高级山庄弟子	Tng Kim  t?	0	8	1	1	20
445	1	4	1747	3073	高级山庄弟子	Tng Kim  t?	0	8	1	1	20
446	1	4	1756	3068	高级山庄弟子	Tng Kim  t?	0	8	1	1	20
447	1	4	1754	3039	高级山庄弟子	Tng Kim  t?	0	8	1	1	20
448	1	4	1756	3040	高级山庄弟子	Tng Kim  t?	0	8	1	1	20
449	1	4	1788	3045	高级山庄弟子	Tng Kim  t?	0	8	1	1	20
450	1	4	1792	3041	高级山庄弟子	Tng Kim  t?	0	8	1	1	20
451	1	4	1798	3033	高级山庄弟子	Tng Kim  t?	0	8	1	1	20
452	1	4	1805	3028	高级山庄弟子	Tng Kim  t?	0	8	1	1	20
453	1	4	1810	3024	高级山庄弟子	Tng Kim  t?	0	8	1	1	20
454	1	4	1805	2993	高级山庄弟子	Tng Kim  t?	0	8	1	1	20
455	1	4	1800	2992	高级山庄弟子	Tng Kim  t?	0	8	1	1	20
456	1	4	1788	3001	高级山庄弟子	Tng Kim  t?	0	8	1	1	20
457	1	4	1785	3006	高级山庄弟子	Tng Kim  t?	0	8	1	1	20
458	1	4	1843	2987	高级山庄弟子	Tng Kim  t?	0	8	1	1	20
459	1	4	1839	2989	高级山庄弟子	Tng Kim  t?	0	8	1	1	20
460	1	4	1836	2993	高级山庄弟子	Tng Kim  t?	0	8	1	1	20
461	1	4	1835	2963	高级山庄弟子	Tng Kim  t?	0	8	1	1	20
462	1	4	1832	2960	高级山庄弟子	Tng Kim  t?	0	8	1	1	20
463	1	4	1828	2957	高级山庄弟子	Tng Kim  t?	0	8	1	1	20
464	1	4	1868	2960	高级山庄弟子	Tng Kim  t?	0	8	1	1	20
465	1	4	1874	2952	高级山庄弟子	Tng Kim  t?	0	8	1	1	20
466	1	4	1877	2948	高级山庄弟子	Tng Kim  t?	0	8	1	1	20
501	1	5	1591	3129	高级山庄弟子	Tng Kim  t?	0	4	1	1	20
502	1	5	1598	3127	高级山庄弟子	Tng Kim  t?	0	4	1	1	20
503	1	5	1596	3134	高级山庄弟子	Tng Kim  t?	0	4	1	1	20
504	1	5	1596	3161	高级山庄弟子	Tng Kim  t?	0	4	1	1	20
505	1	5	1594	3167	高级山庄弟子	Tng Kim  t?	0	4	1	1	20
506	1	5	1599	3168	高级山庄弟子	Tng Kim  t?	0	4	1	1	20
507	1	5	1535	3192	高级山庄弟子	Tng Kim  t?	0	4	1	1	20
508	1	5	1537	3202	高级山庄弟子	Tng Kim  t?	0	4	1	1	20
509	1	5	1540	3195	高级山庄弟子	Tng Kim  t?	0	4	1	1	20
510	1	5	1576	3183	高级山庄弟子	Tng Kim  t?	0	4	1	1	20
511	1	5	1573	3190	高级山庄弟子	Tng Kim  t?	0	4	1	1	20
512	1	5	1578	3191	高级山庄弟子	Tng Kim  t?	0	4	1	1	20
513	1	5	1597	3259	高级山庄弟子	Tng Kim  t?	0	4	1	1	20
514	1	5	1596	3251	高级山庄弟子	Tng Kim  t?	0	4	1	1	20
515	1	5	1601	3256	高级山庄弟子	Tng Kim  t?	0	4	1	1	20
516	1	5	1595	3209	高级山庄弟子	Tng Kim  t?	0	4	1	1	20
517	1	5	1592	3212	高级山庄弟子	Tng Kim  t?	0	4	1	1	20
518	1	5	1597	3215	高级山庄弟子	Tng Kim  t?	0	4	1	1	20
519	1	5	1627	3187	高级山庄弟子	Tng Kim  t?	0	4	1	1	20
520	1	5	1626	3179	高级山庄弟子	Tng Kim  t?	0	4	1	1	20
521	1	5	1621	3187	高级山庄弟子	Tng Kim  t?	0	4	1	1	20
522	1	5	1658	3194	高级山庄弟子	Tng Kim  t?	0	4	1	1	20
523	1	5	1662	3192	高级山庄弟子	Tng Kim  t?	0	4	1	1	20
524	1	5	1661	3199	高级山庄弟子	Tng Kim  t?	0	4	1	1	20
801	1	8	1376	2997	高级山庄弟子	Tng Kim  t?	0	4	1	1	20
802	1	8	1475	3037	高级山庄弟子	Tng Kim  t?	0	4	1	1	20
803	1	8	1448	3000	高级山庄弟子	Tng Kim  t?	0	4	1	1	20
804	1	8	1398	3094	高级山庄弟子	Tng Kim  t?	0	4	1	1	20
805	1	8	1483	3118	高级山庄弟子	Tng Kim  t?	0	4	1	1	20
806	1	8	1438	3175	高级山庄弟子	Tng Kim  t?	0	4	1	1	20
807	1	8	1438	2835	高级山庄弟子	Tng Kim  t?	0	4	1	1	20
808	1	8	1416	2983	高级山庄弟子	Tng Kim  t?	0	4	1	1	20
809	1	8	1516	3108	高级山庄弟子	Tng Kim  t?	0	4	1	1	20
810	1	8	1483	2806	高级山庄弟子	Tng Kim  t?	0	4	1	1	20
811	1	8	1404	2852	高级山庄弟子	Tng Kim  t?	0	4	1	1	20
812	1	8	1501	3096	高级山庄弟子	Tng Kim  t?	0	4	1	1	20
813	1	8	1433	3090	高级山庄弟子	Tng Kim  t?	0	4	1	1	20
814	1	8	1475	2885	高级山庄弟子	Tng Kim  t?	0	4	1	1	20
815	1	8	1421	2945	高级山庄弟子	Tng Kim  t?	0	4	1	1	20
816	1	8	1497	3044	高级山庄弟子	Tng Kim  t?	0	4	1	1	20
817	1	8	1425	3065	高级山庄弟子	Tng Kim  t?	0	4	1	1	20
818	1	8	1495	2818	高级山庄弟子	Tng Kim  t?	0	4	1	1	20
819	1	8	1383	2903	高级山庄弟子	Tng Kim  t?	0	4	1	1	20
820	1	8	1517	3158	高级山庄弟子	Tng Kim  t?	0	4	1	1	20
821	1	8	1540	2940	高级山庄弟子	Tng Kim  t?	0	4	1	1	20
822	1	8	1591	2853	高级山庄弟子	Tng Kim  t?	0	4	1	1	20
823	1	8	1408	3081	高级山庄弟子	Tng Kim  t?	0	4	1	1	20
824	1	8	1514	2868	高级山庄弟子	Tng Kim  t?	0	4	1	1	20
825	1	8	1593	2915	高级山庄弟子	Tng Kim  t?	0	4	1	1	20
826	1	8	1544	3175	高级山庄弟子	Tng Kim  t?	0	4	1	1	20
827	1	8	1593	2886	高级山庄弟子	Tng Kim  t?	0	4	1	1	20
828	1	8	1586	3039	高级山庄弟子	Tng Kim  t?	0	4	1	1	20
829	1	8	1422	2853	高级山庄弟子	Tng Kim  t?	0	4	1	1	20
830	1	8	1475	2832	高级山庄弟子	Tng Kim  t?	0	4	1	1	20
831	1	8	1504	2969	高级山庄弟子	Tng Kim  t?	0	4	1	1	20
832	1	8	1578	2860	高级山庄弟子	Tng Kim  t?	0	4	1	1	20
833	1	8	1559	3068	高级山庄弟子	Tng Kim  t?	0	4	1	1	20
834	1	8	1380	2862	高级山庄弟子	Tng Kim  t?	0	4	1	1	20
835	1	8	1564	2864	高级山庄弟子	Tng Kim  t?	0	4	1	1	20
836	1	8	1592	3065	高级山庄弟子	Tng Kim  t?	0	4	1	1	20
837	1	8	1547	2847	高级山庄弟子	Tng Kim  t?	0	4	1	1	20
838	1	8	1523	3027	高级山庄弟子	Tng Kim  t?	0	4	1	1	20
839	1	8	1547	2813	高级山庄弟子	Tng Kim  t?	0	4	1	1	20
840	1	8	1501	2829	高级山庄弟子	Tng Kim  t?	0	4	1	1	20
841	1	8	1526	2984	高级山庄弟子	Tng Kim  t?	0	4	1	1	20
842	1	8	1509	2756	高级山庄弟子	Tng Kim  t?	0	4	1	1	20
843	1	8	1527	2772	高级山庄弟子	Tng Kim  t?	0	4	1	1	20
844	1	8	1438	2990	高级山庄弟子	Tng Kim  t?	0	4	1	1	20
845	1	8	1551	2764	高级山庄弟子	Tng Kim  t?	0	4	1	1	20
846	1	8	1376	2997	神秘客	神秘客	0	4	1	1	20
847	1	8	1475	3037	神秘客	神秘客	0	4	1	1	20
848	1	8	1448	3000	神秘客	神秘客	0	4	1	1	20
849	1	8	1398	3094	神秘客	神秘客	0	4	1	1	20
850	1	8	1483	3118	神秘客	神秘客	0	4	1	1	20
851	1	8	1438	3175	神秘客	神秘客	0	4	1	1	20
852	1	8	1438	2835	神秘客	神秘客	0	4	1	1	20
853	1	8	1416	2983	神秘客	神秘客	0	4	1	1	20
854	1	8	1516	3108	神秘客	神秘客	0	4	1	1	20
855	1	8	1483	2806	神秘客	神秘客	0	4	1	1	20
856	1	8	1404	2852	神秘客	神秘客	0	4	1	1	20
857	1	8	1501	3096	神秘客	神秘客	0	4	1	1	20
858	1	8	1433	3090	神秘客	神秘客	0	4	1	1	20
859	1	8	1475	2885	神秘客	神秘客	0	4	1	1	20
860	1	8	1421	2945	神秘客	神秘客	0	4	1	1	20
861	1	8	1497	3044	神秘客	神秘客	0	4	1	1	20
862	1	8	1425	3065	神秘客	神秘客	0	4	1	1	20
863	1	8	1495	2818	神秘客	神秘客	0	4	1	1	20
864	1	8	1383	2903	神秘客	神秘客	0	4	1	1	20
865	1	8	1517	3158	神秘客	神秘客	0	4	1	1	20
866	1	8	1540	2940	神秘客	神秘客	0	4	1	1	20
867	1	8	1591	2853	神秘客	神秘客	0	4	1	1	20
868	1	8	1408	3081	神秘客	神秘客	0	4	1	1	20
869	1	8	1514	2868	神秘客	神秘客	0	4	1	1	20
870	1	8	1593	2915	神秘客	神秘客	0	4	1	1	20
871	1	8	1544	3175	神秘客	神秘客	0	4	1	1	20
872	1	8	1593	2886	神秘客	神秘客	0	4	1	1	20
873	1	8	1586	3039	神秘客	神秘客	0	4	1	1	20
874	1	8	1422	2853	神秘客	神秘客	0	4	1	1	20
875	1	8	1475	2832	神秘客	神秘客	0	4	1	1	20
876	1	8	1378	2989	神秘客	神秘客	0	4	1	1	20
877	1	8	1489	3168	神秘客	神秘客	0	4	1	1	20
878	1	8	1510	3154	神秘客	神秘客	0	4	1	1	20
879	1	8	1594	2984	神秘客	神秘客	0	4	1	1	20
880	1	8	1497	3030	神秘客	神秘客	0	4	1	1	20
881	1	8	1477	3020	神秘客	神秘客	0	4	1	1	20
882	1	8	1513	3103	神秘客	神秘客	0	4	1	1	20
883	1	8	1522	3021	神秘客	神秘客	0	4	1	1	20
884	1	8	1505	2963	神秘客	神秘客	0	4	1	1	20
885	1	8	1520	2921	神秘客	神秘客	0	4	1	1	20
886	1	8	1510	2889	神秘客	神秘客	0	4	1	1	20
887	1	8	1472	2887	神秘客	神秘客	0	4	1	1	20
888	1	8	1459	2927	神秘客	神秘客	0	4	1	1	20
889	1	8	1444	3000	神秘客	神秘客	0	4	1	1	20
890	1	8	1589	2936	神秘客	神秘客	0	4	1	1	20
891	1	8	1497	2755	神秘客	神秘客	0	4	1	1	20
892	1	8	1473	2756	神秘客	神秘客	0	4	1	1	20
893	1	8	1383	2947	神秘客	神秘客	0	4	1	1	20
901	1	9	1500	3133	金剑	金剑	0	4	1	1	20
902	1	9	1493	3138	金剑	金剑	0	4	1	1	20
903	1	9	1489	3148	金剑	金剑	0	4	1	1	20
904	1	9	1511	3133	金剑	金剑	0	4	1	1	20
905	1	9	1522	3152	金剑	金剑	0	4	1	1	20
906	1	9	1518	3168	金剑	金剑	0	4	1	1	20
907	1	9	1507	3179	金剑	金剑	0	4	1	1	20
908	1	9	1495	3177	金剑	金剑	0	4	1	1	20
909	1	9	1486	3163	金剑	金剑	0	4	1	1	20
910	1	9	1506	3145	金剑	金剑	0	4	1	1	20
911	1	9	1497	3158	金剑	金剑	0	4	1	1	20
912	1	9	1506	3165	金剑	金剑	0	4	1	1	20
913	1	9	1512	3150	金剑	金剑	0	4	1	1	20
914	1	9	1470	3312	木剑	木剑	0	4	1	1	20
915	1	9	1481	3317	木剑	木剑	0	4	1	1	20
916	1	9	1492	3329	木剑	木剑	0	4	1	1	20
917	1	9	1488	3347	木剑	木剑	0	4	1	1	20
918	1	9	1480	3356	木剑	木剑	0	4	1	1	20
919	1	9	1467	3360	木剑	木剑	0	4	1	1	20
920	1	9	1458	3348	木剑	木剑	0	4	1	1	20
921	1	9	1456	3319	木剑	木剑	0	4	1	1	20
922	1	9	1468	3325	木剑	木剑	0	4	1	1	20
923	1	9	1467	3341	木剑	木剑	0	4	1	1	20
924	1	9	1479	3342	木剑	木剑	0	4	1	1	20
925	1	9	1481	3329	木剑	木剑	0	4	1	1	20
926	1	9	1610	3343	水剑	水剑	0	4	1	1	20
927	1	9	1624	3351	水剑	水剑	0	4	1	1	20
928	1	9	1631	3369	水剑	水剑	0	4	1	1	20
929	1	9	1627	3389	水剑	水剑	0	4	1	1	20
930	1	9	1597	3351	水剑	水剑	0	4	1	1	20
931	1	9	1589	3363	水剑	水剑	0	4	1	1	20
932	1	9	1592	3385	水剑	水剑	0	4	1	1	20
933	1	9	1600	3400	水剑	水剑	0	4	1	1	20
934	1	9	1614	3402	水剑	水剑	0	4	1	1	20
935	1	9	1617	3387	水剑	水剑	0	4	1	1	20
936	1	9	1619	3366	水剑	水剑	0	4	1	1	20
937	1	9	1608	3362	水剑	水剑	0	4	1	1	20
938	1	9	1604	3380	水剑	水剑	0	4	1	1	20
939	1	9	1667	3197	火剑	火剑	0	4	1	1	20
940	1	9	1679	3196	火剑	火剑	0	4	1	1	20
941	1	9	1691	3205	火剑	火剑	0	4	1	1	20
942	1	9	1690	3228	火剑	火剑	0	4	1	1	20
943	1	9	1685	3244	火剑	火剑	0	4	1	1	20
944	1	9	1668	3240	火剑	火剑	0	4	1	1	20
945	1	9	1661	3228	火剑	火剑	0	4	1	1	20
946	1	9	1662	3208	火剑	火剑	0	4	1	1	20
947	1	9	1674	3210	火剑	火剑	0	4	1	1	20
948	1	9	1683	3214	火剑	火剑	0	4	1	1	20
949	1	9	1671	3225	火剑	火剑	0	4	1	1	20
950	1	9	1682	3230	火剑	火剑	0	4	1	1	20
951	1	9	1607	3102	土剑	土剑	0	4	1	1	20
952	1	9	1606	3123	土剑	土剑	0	4	1	1	20
953	1	9	1597	3138	土剑	土剑	0	4	1	1	20
954	1	9	1586	3144	土剑	土剑	0	4	1	1	20
955	1	9	1574	3128	土剑	土剑	0	4	1	1	20
956	1	9	1572	3104	土剑	土剑	0	4	1	1	20
957	1	9	1582	3088	土剑	土剑	0	4	1	1	20
958	1	9	1596	3089	土剑	土剑	0	4	1	1	20
959	1	9	1589	3101	土剑	土剑	0	4	1	1	20
960	1	9	1598	3115	土剑	土剑	0	4	1	1	20
961	1	9	1590	3127	土剑	土剑	0	4	1	1	20
962	1	9	1582	3116	土剑	土剑	0	4	1	1	20
963	1	9	1566	3205	金剑	金剑	0	4	1	1	20
964	1	9	1556	3212	木剑	木剑	0	4	1	1	20
965	1	9	1545	3223	水剑	水剑	0	4	1	1	20
966	1	9	1534	3233	火剑	火剑	0	4	1	1	20
967	1	9	1526	3243	土剑	土剑	0	4	1	1	20
968	1	9	1535	3254	火剑	火剑	0	4	1	1	20
969	1	9	1545	3264	水剑	水剑	0	4	1	1	20
970	1	9	1558	3274	木剑	木剑	0	4	1	1	20
971	1	9	1573	3275	金剑	金剑	0	4	1	1	20
972	1	9	1586	3262	木剑	木剑	0	4	1	1	20
973	1	9	1598	3250	水剑	水剑	0	4	1	1	20
974	1	9	1596	3229	火剑	火剑	0	4	1	1	20
975	1	9	1584	3216	土剑	土剑	0	4	1	1	20
976	1	9	1588	3237	火剑	火剑	0	4	1	1	20
977	1	9	1568	3219	水剑	水剑	0	4	1	1	20
978	1	9	1544	3242	木剑	木剑	0	4	1	1	20
979	1	9	1568	3259	金剑	金剑	0	4	1	1	20
10001	1	1	1541	3474	看门狗	看门狗					
10002	1	1	1534	3465	看门狗	看门狗					
10003	1	1	1525	3464	看门狗	看门狗					
10004	1	1	1543	3458	看门狗	看门狗					
10005	1	1	1532	3451	看门狗	看门狗					
10006	1	1	1550	3447	看门狗	看门狗					
10007	1	1	1541	3443	看门狗	看门狗					
10008	1	1	1528	3433	看门狗	看门狗					
10009	1	1	1529	3428	看门狗	看门狗					
10010	1	1	1546	3421	看门狗	看门狗					
10011	1	1	1536	3408	看门狗	看门狗					
10012	1	1	1523	3399	看门狗	看门狗					
10013	1	1	1533	3381	看门狗	看门狗					
10014	1	1	1512	3363	看门狗	看门狗					
10015	1	1	1527	3334	看门狗	看门狗					
10016	1	1	1538	3314	看门狗	看门狗					
10017	1	1	1528	3355	看门狗	看门狗					
10018	1	1	1518	3350	看门狗	看门狗					
10019	1	1	1506	3346	看门狗	看门狗					
10020	1	1	1554	3322	看门狗	看门狗					
10021	1	1	1549	3304	看门狗	看门狗					
10022	1	1	1544	3281	看门狗	看门狗					
10023	1	1	1557	3291	看门狗	看门狗					
10024	1	1	1564	3307	看门狗	看门狗					
10025	1	1	1573	3289	看门狗	看门狗					
10026	1	1	1554	3262	看门狗	看门狗					
10027	1	1	1558	3238	看门狗	看门狗					
10028	1	1	1564	3223	看门狗	看门狗					
10029	1	1	1574	3209	看门狗	看门狗					
10030	1	1	1590	3219	看门狗	看门狗					
10031	1	1	1606	3231	看门狗	看门狗					
10032	1	1	1611	3249	看门狗	看门狗					
10033	1	1	1605	3263	看门狗	看门狗					
10034	1	1	1595	3269	看门狗	看门狗					
10035	1	1	1583	3280	看门狗	看门狗					
10036	1	1	1568	3270	看门狗	看门狗					
10037	1	1	1537	3380	看门狗	看门狗					
10038	1	1	1536	3386	看门狗	看门狗					
10039	1	1	1534	3391	看门狗	看门狗					
10040	1	1	1531	3394	看门狗	看门狗					
10041	1	1	1526	3397	看门狗	看门狗					
10042	1	1	1520	3398	看门狗	看门狗					
10043	1	1	1511	3381	看门狗	看门狗					
10044	1	1	1515	3374	看门狗	看门狗					
10045	1	1	1519	3368	看门狗	看门狗					
10046	1	1	1523	3368	看门狗	看门狗					
10047	1	1	1528	3367	看门狗	看门狗					
10048	1	1	1512	3363	看门狗	看门狗					
10049	1	1	1522	3356	看门狗	看门狗					
10050	1	1	1525	3445	普通箱子	宝箱					
10051	1	1	1539	3481	普通箱子	宝箱					
10052	1	1	1544	3376	普通箱子	宝箱					
10053	1	1	1504	3347	普通箱子	宝箱					
10054	1	1	1523	3319	普通箱子	宝箱					
10055	1	1	1562	3322	普通箱子	宝箱					
10056	1	1	1563	3204	普通箱子	宝箱					
10057	1	1	1550	3255	普通箱子	宝箱					
10058	1	1	1616	3246	普通箱子	宝箱					
10059	1	1	1599	3276	普通箱子	宝箱					
10060	1	1	1586	3205	普通箱子	宝箱					
10061	1	1	1605	3225	普通箱子	宝箱					
20001	1	2	1573	3153	普通箱子	宝箱					
20002	1	2	1594	3128	普通箱子	宝箱					
20003	1	2	1613	3109	普通箱子	宝箱					
20004	1	2	1632	3086	普通箱子	宝箱					
20005	1	2	1626	3126	普通箱子	宝箱					
20006	1	2	1663	3165	普通箱子	宝箱					
20007	1	2	1598	3153	普通箱子	宝箱					
20008	1	2	1636	3189	普通箱子	宝箱					
20009	1	2	1637	3226	普通箱子	宝箱					
20010	1	2	1701	3161	普通箱子	宝箱					
20011	1	2	1657	3119	普通箱子	宝箱					
20012	1	2	1611	3183	普通箱子	宝箱					
30001	1	3	1629	3137	普通箱子	宝箱					
30002	1	3	1616	3148	普通箱子	宝箱					
30003	1	3	1629	3159	普通箱子	宝箱					
30004	1	3	1639	3149	普通箱子	宝箱					
30005	1	3	1560	3153	普通箱子	宝箱					
30006	1	3	1590	3177	普通箱子	宝箱					
30007	1	3	1619	3216	普通箱子	宝箱					
30008	1	3	1699	3135	普通箱子	宝箱					
30009	1	3	1672	3094	普通箱子	宝箱					
30010	1	3	1646	3069	普通箱子	宝箱					
30011	1	3	1594	3116	普通箱子	宝箱					
40001	1	4	1757	2996	普通箱子	宝箱					
40002	1	4	1726	2995	普通箱子	宝箱					
40003	1	4	1762	2934	普通箱子	宝箱					
40004	1	4	1807	2908	普通箱子	宝箱					
40005	1	4	1835	2843	普通箱子	宝箱					
40006	1	4	1887	2895	普通箱子	宝箱					
40007	1	4	1810	2963	普通箱子	宝箱					
40008	1	4	1772	3072	普通箱子	宝箱					
40009	1	4	1818	2993	普通箱子	宝箱					
40010	1	4	1867	2974	普通箱子	宝箱					
40011	1	4	1920	2929	普通箱子	宝箱					
50001	1	5	1671	3357	普通箱子	宝箱					
50002	1	5	1721	3330	普通箱子	宝箱					
50003	1	5	1728	3393	普通箱子	宝箱					
50004	1	5	1654	3275	普通箱子	宝箱					
50005	1	5	1683	3277	普通箱子	宝箱					
50006	1	5	1666	3195	普通箱子	宝箱					
50007	1	5	1593	3119	普通箱子	宝箱					
50008	1	5	1531	3207	普通箱子	宝箱					
50009	1	5	1595	3260	普通箱子	宝箱					
50010	1	5	1601	3193	普通箱子	宝箱					
80001	1	8	1376	2997	透明人火	机关					
80002	1	8	1438	2804	透明人火	机关					
80003	1	8	1475	3037	透明人火	机关					
80004	1	8	1448	3000	透明人火	机关					
80005	1	8	1475	3176	透明人火	机关					
80006	1	8	1398	3094	透明人火	机关					
80007	1	8	1440	3074	透明人火	机关					
80008	1	8	1483	3118	透明人火	机关					
80009	1	8	1438	3175	透明人火	机关					
80010	1	8	1441	2761	透明人火	机关					
80011	1	8	1438	2835	透明人火	机关					
80012	1	8	1416	2983	透明人火	机关					
80013	1	8	1459	3165	透明人火	机关					
80014	1	8	1516	3108	透明人冰	机关					
80015	1	8	1434	3141	透明人冰	机关					
80016	1	8	1483	2806	透明人冰	机关					
80017	1	8	1404	2852	透明人冰	机关					
80018	1	8	1414	2952	透明人冰	机关					
80019	1	8	1501	3096	透明人冰	机关					
80020	1	8	1497	3073	透明人冰	机关					
80021	1	8	1433	3090	透明人冰	机关					
80022	1	8	1475	2885	透明人冰	机关					
80023	1	8	1394	2841	透明人冰	机关					
80024	1	8	1421	2945	透明人冰	机关					
80025	1	8	1480	3085	透明人冰	机关					
80026	1	8	1497	3044	透明人冰	机关					
80027	1	8	1425	3065	透明人冰	机关					
80028	1	8	1495	2818	透明人冰	机关					
80029	1	8	1380	2883	透明人冰	机关					
80030	1	8	1383	2903	透明人睡眠	机关					
80031	1	8	1509	3157	透明人睡眠	机关					
80032	1	8	1517	3158	透明人睡眠	机关					
80033	1	8	1540	2940	透明人睡眠	机关					
80034	1	8	1581	3087	透明人睡眠	机关					
80035	1	8	1434	2768	透明人睡眠	机关					
80036	1	8	1591	2853	透明人睡眠	机关					
80037	1	8	1408	3081	透明人睡眠	机关					
80038	1	8	1514	2868	透明人睡眠	机关					
80039	1	8	1462	2761	透明人睡眠	机关					
80040	1	8	1593	2915	透明人睡眠	机关					
80041	1	8	1542	3138	透明人睡眠	机关					
80042	1	8	1544	3175	透明人睡眠	机关					
80043	1	8	1593	2886	透明人睡眠	机关					
80044	1	8	1586	3039	透明人睡眠	机关					
80045	1	8	1422	2853	透明人混乱	机关					
80046	1	8	1585	2852	透明人混乱	机关					
80047	1	8	1382	3056	透明人混乱	机关					
80048	1	8	1541	2760	透明人混乱	机关					
80049	1	8	1475	2832	透明人混乱	机关					
80050	1	8	1504	2969	透明人混乱	机关					
80051	1	8	1578	2860	透明人混乱	机关					
80052	1	8	1588	3008	透明人混乱	机关					
80053	1	8	1559	3068	透明人混乱	机关					
80054	1	8	1542	3115	透明人混乱	机关					
80055	1	8	1380	2862	透明人混乱	机关					
80056	1	8	1564	2864	透明人混乱	机关					
80057	1	8	1592	3065	透明人混乱	机关					
80058	1	8	1539	3086	透明人混乱	机关					
80059	1	8	1547	2847	透明人眩晕	机关					
80060	1	8	1523	3027	透明人眩晕	机关					
80061	1	8	1448	2943	透明人眩晕	机关					
80062	1	8	1547	2813	透明人眩晕	机关					
80063	1	8	1501	2829	透明人眩晕	机关					
80064	1	8	1526	2984	透明人眩晕	机关					
80065	1	8	1381	3010	透明人眩晕	机关					
80066	1	8	1509	2756	透明人眩晕	机关					
80067	1	8	1538	3006	透明人眩晕	机关					
80068	1	8	1570	3072	透明人眩晕	机关					
80069	1	8	1527	2772	透明人眩晕	机关					
80070	1	8	1568	2960	透明人眩晕	机关					
80071	1	8	1438	2990	透明人眩晕	机关					
80072	1	8	1551	2764	透明人眩晕	机关					
80073	1	8	1378	2989	神秘客	神秘客					
80074	1	8	1489	3168	神秘客	神秘客					
80075	1	8	1510	3154	神秘客	神秘客					
80076	1	8	1594	2984	神秘客	神秘客					
80077	1	8	1497	3030	神秘客	神秘客					
80078	1	8	1477	3020	神秘客	神秘客					
80079	1	8	1513	3103	神秘客	神秘客					
80080	1	8	1522	3021	神秘客	神秘客					
80081	1	8	1505	2963	神秘客	神秘客					
80082	1	8	1520	2921	神秘客	神秘客					
80083	1	8	1510	2889	神秘客	神秘客					
80084	1	8	1472	2887	神秘客	神秘客					
80085	1	8	1459	2927	神秘客	神秘客					
80086	1	8	1444	3000	神秘客	神秘客					
80087	1	8	1589	2936	神秘客	神秘客					
80088	1	8	1497	2755	神秘客	神秘客					
80089	1	8	1473	2756	神秘客	神秘客					
80090	1	8	1383	2947	神秘客	神秘客					
