ID	Name	Belong	ProduceGenre	ProduceSub	ProduceDetail	SecProduceGenre	SecProduceSub	SecProduceDetail	SecProduceRate	Stuff1Genre	Stuff1Sub	Stuff1Detail	Stuff1Num	Stuff2Genre	Stuff2Sub	Stuff2Detail	Stuff2Num	Stuff3Genre	Stuff3Sub	Stuff3Detail	Stuff3Num	Stuff4Genre	Stuff4Sub	Stuff4Detail	Stuff4Num	ToolGenre	ToolSub	ToolDetail	ToolNum	NeedMore	Level	StaminaCost	ExpGain	RecipeDetail	MakeTime	EquipType	Identify
1	窝头	1	1	1	1	0	0	0		0	0	0		0	0	0		0	0	0		0	0	0		0	0	0		0	1	30	0	1	54
2	绷带	1	1	0	1	0	0	0		0	0	0		0	0	0		0	0	0		0	0	0		0	0	0		0	1	10	0	1	54
3	金创散	6	1	0	2	1	0	3	5	1	2	8	2	0	0	0		0	0	0		0	0	0		0	0	0		0	1	0	3	29	54
4	止血散	6	1	0	3	1	0	4	5	1	2	2	1	1	2	1	1	1	2	8	1	0	0	0		0	0	0		0	3	0	3	29	54
5	白云散	6	1	0	4	1	0	5	5	1	2	3	1	1	2	2	1	1	2	9	1	0	0	0		0	0	0		0	5	0	3	29	54
6	天香云锦续	6	1	0	5	1	0	6	5	1	2	11	3	1	2	9	2	1	2	3	2	1	2	1	2	0	0	0		0	7	0	4	29	54
7	黑玉断续膏	6	1	0	6	0	0	0		1	2	4	3	1	2	10	2	1	2	9	2	1	2	8	2	0	0	0		0	8	0	4	29	54
8	小还丹	6	1	0	7	1	0	8	5	1	2	8	1	1	2	1	1	0	0	0		0	0	0		0	0	0		0	2	0	3	30	54
9	还阳丹	6	1	0	8	1	0	9	5	1	2	2	1	1	2	1	1	1	2	8	1	0	0	0		0	0	0		0	4	0	3	30	54
10	大还丹	6	1	0	9	1	0	10	5	1	2	3	1	1	2	2	1	1	2	9	1	0	0	0		0	0	0		0	6	0	3	30	54
11	一元复始丹	6	1	0	10	1	0	11	5	1	2	10	3	1	2	9	2	1	2	3	2	1	2	1	2	0	0	0		0	7	0	4	30	54
12	万物归元丹	6	1	0	11	0	0	0		1	2	11	3	1	2	10	2	1	2	9	2	1	2	8	2	0	0	0		0	8	0	4	30	54
13	清心散	6	1	0	12	1	0	13	5	1	2	8	2	1	2	1	1	0	0	0		0	0	0		0	0	0		0	2	0	4	31	54
14	益气散	6	1	0	13	1	0	14	5	1	2	2	2	1	2	1	1	1	2	3	1	0	0	0		0	0	0		0	4	0	4	31	54
15	玉灵散	6	1	0	14	1	0	15	5	1	2	3	2	1	2	2	1	1	2	9	1	0	0	0		0	0	0		0	6	0	4	31	54
16	五花玉露丸	6	1	0	15	1	0	16	5	1	2	11	3	1	2	10	3	1	2	9	2	1	2	1	3	0	0	0		0	8	0	5	31	54
17	生生造化散	6	1	0	16	0	0	0		1	2	4	3	1	2	11	3	1	2	10	2	1	2	2	3	0	0	0		0	9	0	5	31	54
18	饭团	7	1	1	2	1	1	3	5	1	3	9	2	1	3	19	3	0	0	0		0	0	0		0	0	0		0	1	0	6	36	54
19	馒头	7	1	1	3	1	1	4	5	1	3	10	2	1	3	20	2	1	3	9	1	0	0	0		0	0	0		0	2	0	6	36	54
20	花卷	7	1	1	4	1	1	5	5	1	3	12	2	1	3	22	2	1	3	11	1	0	0	0		0	0	0		0	4	0	6	36	54
21	肉包	7	1	1	5	1	1	14		1	3	14	2	1	3	13	2	1	3	12	1	0	0	0		0	0	0		0	6	0	6	36	54
22	家常四季豆	7	1	1	7	1	1	8	5	1	3	11	2	1	3	21	2	1	3	10	1	0	0	0		0	0	0		0	3	0	6	37	54
23	炒豌豆角	7	1	1	8	1	1	9	5	1	3	13	2	1	3	12	2	1	3	22	1	0	0	0		0	0	0		0	5	0	6	37	54
24	蒜茸生菜	7	1	1	9	1	1	16	5	1	3	15	2	1	3	14	2	1	3	13	1	0	0	0		0	0	0		0	7	0	6	37	54
25	烧刀子	7	1	1	10	1	1	11	5	1	3	9	3	1	3	19	2	0	0	0		0	0	0		0	0	0		0	1	0	6	38	54
26	女儿红	7	1	1	11	1	1	12	5	1	3	10	2	1	3	20	2	1	3	19	1	0	0	0		0	0	0		0	2	0	6	38	54
27	稻花香	7	1	1	12	1	1	13	5	1	3	12	2	1	3	22	2	1	3	21	1	0	0	0		0	0	0		0	4	0	3	38	54
28	醉生梦死	7	1	1	13	0	0	0		1	3	14	2	1	3	13	2	1	3	22	1	0	0	0		0	0	0		0	6	0	3	38	54
29	一级鉴定符	8	2	5	1	2	5	2	5	2	2	30	1	2	2	65	1					0	0	0		0	0	0		0	1	0	2	43	54
30	二级鉴定符	8	2	5	2	2	5	3	5	2	2	30	2	2	2	33	2	2	2	65	1	0	0	0		0	0	0		0	2	0	8	43	54
31	三级鉴定符	8	2	5	3	2	5	4	5	2	2	30	2	2	2	33	2	2	2	29	2	0	0	0		0	0	0		0	3	0	12	43	54
32	四级鉴定符	8	2	5	4	2	5	5	5	2	2	31	2	2	2	33	2	2	2	29	2	2	2	65	1	0	0	0		0	4	0	16	43	54
33	五级鉴定符	8	2	5	5	2	5	6	5	2	2	31	2	2	2	34	2	2	2	29	2	2	2	65	2	0	0	0		0	5	0	20	43	54
34	六级鉴定符	8	2	5	6	2	5	7	5	2	2	32	2	2	2	34	2	2	2	29	2	2	1	912	2	0	0	0		0	6	0	24	43	54
35	七级鉴定符	8	2	5	7	0	0	0	0	2	2	32	3	2	2	35	3	2	2	29	3	2	1	912	3	0	0	0		0	7	0	28	43	54
36	汴京土地符	8	1	5	1	0	0	0		2	2	65	1	2	1	901	1	0	0	0		0	0	0		0	0	0		0	1	0	1	42	54
37	成都土地符	8	1	5	2	0	0	0		2	2	65	1	2	1	902	1	0	0	0		0	0	0		0	0	0		0	1	0	1	42	54
38	泉州土地符	8	1	5	3	0	0	0		2	2	65	1	2	1	903	1	0	0	0		0	0	0		0	0	0		0	1	0	1	42	54
39	襄阳土地符	8	1	5	4	0	0	0		2	2	65	1	2	1	904	1	0	0	0		0	0	0		0	0	0		0	1	0	1	42	54
40	凤翔土地符	8	1	5	5	0	0	0		2	2	65	1	2	1	905	1	0	0	0		0	0	0		0	0	0		0	1	0	1	42	54
41	大理土地符	8	1	5	6	0	0	0		2	2	65	1	2	1	906	1	0	0	0		0	0	0		0	0	0		0	1	0	1	42	54
																																			
																																			
																																			
																																			
																																			
47	侠少护腕	3	0	0	1	0	0	0		0	0	0		0	0	0		0	0	0		0	0	0		0	0	0		1	1	0	0	6	180
48	錾银护腕	3	0	0	2	0	0	0		0	0	0		0	0	0		0	0	0		0	0	0		0	0	0		1	1	0	0	6	180
49	飞鱼手	3	0	0	3	0	0	0		2	2	1	4	2	2	41	4	2	2	59	1	0	0	0		0	0	0		1	1	0	4	6	180
50	红魔手	3	0	0	4	0	0	0		2	2	1	4	2	2	41	4	2	2	59	2	0	0	0		0	0	0		1	1	0	4	6	180
51	穿云手	3	0	0	5	0	0	0		2	2	2	4	2	2	42	4	2	2	27	1	2	2	59	3	0	0	0		1	2	0	4	6	180
52	三阳手	3	0	0	6	0	0	0		2	2	2	4	2	2	42	4	2	2	27	1	2	2	59	4	0	0	0		1	2	0	4	6	180
53	天牛手	3	0	0	7	0	0	0		2	8	5	4	2	2	43	4	2	2	27	1	2	2	60	1	0	0	0		1	3	0	6	6	180
54	碧蛇手	3	0	0	8	0	0	0		2	2	4	4	2	2	44	4	2	2	57	1	2	2	60	2	0	0	0		1	4	0	6	6	180
55	亢龙手	3	0	0	9	0	0	0		2	2	4	4	2	2	44	4	2	2	57	1	2	2	60	3	0	0	0		1	4	0	8	6	180
56	翔凤	3	0	0	10	0	0	0		2	2	5	5	2	2	45	5	2	2	57	1	2	2	60	5	0	0	0		1	5	0	8	6	180
57	怒龙	3	0	0	11	0	0	0		2	2	5	5	2	2	45	5	2	2	57	1	2	2	61	2	0	0	0		1	5	0	8	6	180
58	五方鬼众	3	0	0	12	0	0	0		2	2	6	5	2	2	9	5	2	2	58	1	2	2	61	3	0	0	0		1	6	0	8	6	180
59	泥犁地狱	3	0	0	13	0	0	0		2	2	36	6	2	2	10	6	2	2	58	1	2	2	61	4	0	0	0		1	7	0	8	6	180
60	侠少剑	3	0	2	14	0	0	0		0	0	0		0	0	0		0	0	0		0	0	0		0	0	0		1	1	0	0	4	180
61	松纹剑	3	0	2	15	0	0	0		0	0	0		0	0	0		0	0	0		0	0	0		0	0	0		1	1	0	0	4	180
62	灵蛇剑	3	0	2	16	0	0	0		2	2	1	4	2	2	41	4	2	2	59	1	0	0	0		0	0	0		1	1	0	4	4	180
63	赤砂剑	3	0	2	17	0	0	0		2	2	1	4	2	2	41	4	2	2	59	2	0	0	0		0	0	0		1	1	0	4	4	180
64	青冥剑	3	0	2	18	0	0	0		2	2	2	4	2	2	42	4	2	2	27	1	2	2	59	3	0	0	0		1	2	0	4	4	180
65	血杀剑	3	0	2	19	0	0	0		2	2	2	4	2	2	42	4	2	2	27	1	2	2	59	4	0	0	0		1	2	0	4	4	180
66	含光剑	3	0	2	20	0	0	0		2	8	5	4	2	2	43	4	2	2	27	1	2	2	60	1	0	0	0		1	3	0	6	4	180
67	烈阳	3	0	2	21	0	0	0		2	2	4	4	2	2	44	4	2	2	57	1	2	2	60	2	0	0	0		1	4	0	6	4	180
68	玄电	3	0	2	22	0	0	0		2	2	4	4	2	2	44	4	2	2	57	1	2	2	60	3	0	0	0		1	4	0	8	4	180
69	青霜	3	0	2	23	0	0	0		2	2	5	5	2	2	45	5	2	2	57	1	2	2	60	5	0	0	0		1	5	0	8	4	180
70	瑶光	3	0	2	24	0	0	0		2	2	5	5	2	2	45	5	2	2	57	1	2	2	61	2	0	0	0		1	5	0	8	4	180
71	碧血	3	0	2	25	0	0	0		2	2	6	5	2	2	9	5	2	2	58	1	2	2	61	3	0	0	0		1	6	0	8	4	180
72	玄铁重剑	3	0	2	26	0	0	0		2	2	36	6	2	2	10	6	2	2	58	1	2	2	61	4	0	0	0		1	7	0	8	4	180
73	戒刀	3	0	3	53	0	0	0		2	2	1	4	2	2	41	4	2	2	59	1	0	0	0		0	0	0		1	1	0	4	5	180
74	折铁刀	3	0	3	54	0	0	0		2	2	1	4	2	2	41	4	2	2	59	2	0	0	0		0	0	0		1	1	0	4	5	180
75	烈焰刀	3	0	3	55	0	0	0		2	2	2	4	2	2	42	4	2	2	27	1	2	2	59	3	0	0	0		1	2	0	4	5	180
76	五虎断门刀	3	0	3	56	0	0	0		2	2	2	4	2	2	42	4	2	2	27	1	2	2	59	4	0	0	0		1	2	0	4	5	180
77	九音刀	3	0	3	57	0	0	0		2	8	5	4	2	2	43	4	2	2	27	1	2	2	60	1	0	0	0		1	3	0	6	5	180
78	破山刀	3	0	3	58	0	0	0		2	2	4	4	2	2	44	4	2	2	57	1	2	2	60	2	0	0	0		1	4	0	6	5	180
79	人屠刀	3	0	3	59	0	0	0		2	2	4	4	2	2	44	4	2	2	57	1	2	2	60	3	0	0	0		1	4	0	8	5	180
80	龙麟	3	0	3	60	0	0	0		2	2	5	5	2	2	45	5	2	2	57	1	2	2	60	5	0	0	0		1	5	0	8	5	180
81	百辟	3	0	3	61	0	0	0		2	2	5	5	2	2	45	5	2	2	57	1	2	2	61	2	0	0	0		1	5	0	8	5	180
82	天煞	3	0	3	62	0	0	0		2	2	6	5	2	2	9	5	2	2	58	1	2	2	61	3	0	0	0		1	6	0	8	5	180
83	霸王	3	0	3	63	0	0	0		2	2	36	6	2	2	10	6	2	2	58	1	2	2	61	4	0	0	0		1	7	0	8	5	180
84	侠少棍	2	0	5	27	0	0	0		0	0	0		0	0	0		0	0	0		0	0	0		0	0	0		1	1	0	0	11	180
85	齐眉棍	2	0	5	28	0	0	0		0	0	0		0	0	0		0	0	0		0	0	0		0	0	0		1	1	0	0	11	180
86	水火棍	2	0	5	29	0	0	0		2	2	1	4	2	2	41	4	2	2	59	1	0	0	0		0	0	0		1	1	0	4	11	180
87	四平棍	2	0	5	30	0	0	0		2	2	1	4	2	2	41	4	2	2	59	2	0	0	0		0	0	0		1	1	0	4	11	180
88	普渡棍	2	0	5	31	0	0	0		2	2	2	4	2	2	42	4	2	2	27	1	2	2	59	3	0	0	0		1	2	0	4	11	180
89	鹤舞棍	2	0	5	32	0	0	0		2	2	2	4	2	2	42	4	2	2	27	1	2	2	59	4	0	0	0		1	2	0	4	11	180
90	分水棍	2	0	5	33	0	0	0		2	8	5	4	2	2	43	4	2	2	27	1	2	2	60	1	0	0	0		1	3	0	6	11	180
91	潜龙棍	2	0	5	34	0	0	0		2	2	4	4	2	2	44	4	2	2	57	1	2	2	60	2	0	0	0		1	4	0	6	11	180
92	紫金梁	2	0	5	35	0	0	0		2	2	4	4	2	2	44	4	2	2	57	1	2	2	60	3	0	0	0		1	4	0	8	11	180
93	打狗棒	2	0	5	36	0	0	0		2	2	5	5	2	2	45	5	2	2	57	1	2	2	60	5	0	0	0		1	5	0	8	11	180
94	紧那罗棒	2	0	5	37	0	0	0		2	2	5	5	2	2	45	5	2	2	57	1	2	2	61	2	0	0	0		1	5	0	8	11	180
95	天蛇棍	2	0	5	38	0	0	0		2	2	6	5	2	2	9	5	2	2	58	1	2	2	61	3	0	0	0		1	6	0	8	11	180
96	青龙棍	2	0	5	39	0	0	0		2	2	36	6	2	2	10	6	2	2	58	1	2	2	61	4	0	0	0		1	7	0	8	11	180
97	锡杖	2	0	8	86	0	0	0		2	2	1	4	2	2	41	4	2	2	59	1	0	0	0		0	0	0		1	1	0	4	12	180
98	弘法杖	2	0	8	87	0	0	0		2	2	1	4	2	2	41	4	2	2	59	2	0	0	0		0	0	0		1	1	0	4	12	180
99	三宝杖	2	0	8	88	0	0	0		2	2	2	4	2	2	42	4	2	2	27	1	2	2	59	3	0	0	0		1	2	0	4	12	180
100	伏魔杖	2	0	8	89	0	0	0		2	2	2	4	2	2	42	4	2	2	27	1	2	2	59	4	0	0	0		1	2	0	4	12	180
101	普渡杖	2	0	8	90	0	0	0		2	8	5	4	2	2	43	4	2	2	27	1	2	2	60	1	0	0	0		1	3	0	6	12	180
102	月轮杖	2	0	8	91	0	0	0		2	2	4	4	2	2	44	4	2	2	57	1	2	2	60	2	0	0	0		1	4	0	6	12	180
103	空明杖	2	0	8	92	0	0	0		2	2	4	4	2	2	44	4	2	2	57	1	2	2	60	3	0	0	0		1	4	0	8	12	180
104	宝光杖	2	0	8	93	0	0	0		2	2	5	5	2	2	45	5	2	2	57	1	2	2	60	5	0	0	0		1	5	0	8	12	180
105	大自在杖	2	0	8	94	0	0	0		2	2	5	5	2	2	45	5	2	2	57	1	2	2	61	2	0	0	0		1	5	0	8	12	180
106	大般若杖	2	0	8	95	0	0	0		2	2	6	5	2	2	9	5	2	2	58	1	2	2	61	3	0	0	0		1	6	0	8	12	180
107	天佛杖	2	0	8	96	0	0	0		2	2	36	6	2	2	10	6	2	2	58	1	2	2	61	4	0	0	0		1	7	0	8	12	180
108	侠少暗器	4	0	1	40	0	0	0		0	0	0		0	0	0		0	0	0		0	0	0		0	0	0		1	1	0	0	16	180
109	五光石	4	0	1	41	0	0	0		0	0	0		0	0	0		0	0	0		0	0	0		0	0	0		1	1	0	0	16	180
110	柳叶刀	4	0	1	42	0	0	0		2	2	1	4	2	2	41	4	2	2	59	1	0	0	0		0	0	0		1	1	0	4	16	180
111	断肠镖	4	0	1	43	0	0	0		2	2	1	4	2	2	41	4	2	2	59	2	0	0	0		0	0	0		1	1	0	4	16	180
112	破灭神针	4	0	1	44	0	0	0		2	2	2	4	2	2	42	4	2	2	27	1	2	2	59	3	0	0	0		1	2	0	4	16	180
113	子母离魂箭	4	0	1	45	0	0	0		2	2	2	4	2	2	42	4	2	2	27	1	2	2	59	4	0	0	0		1	2	0	4	16	180
114	黑血神针	4	0	1	46	0	0	0		2	8	5	4	2	2	43	4	2	2	27	1	2	2	60	1	0	0	0		1	3	0	6	16	180
115	玉蜂针	4	0	1	47	0	0	0		2	2	4	4	2	2	44	4	2	2	57	1	2	2	60	2	0	0	0		1	4	0	6	16	180
116	袖里乾坤	4	0	1	48	0	0	0		2	2	4	4	2	2	44	4	2	2	57	1	2	2	60	3	0	0	0		1	4	0	8	16	180
117	含沙射影	4	0	1	49	0	0	0		2	2	5	5	2	2	45	5	2	2	57	1	2	2	60	5	0	0	0		1	5	0	8	16	180
118	七星透骨针	4	0	1	50	0	0	0		2	2	5	5	2	2	45	5	2	2	57	1	2	2	61	2	0	0	0		1	5	0	8	16	180
119	七煞天罗	4	0	1	51	0	0	0		2	2	6	5	2	2	9	5	2	2	58	1	2	2	61	3	0	0	0		1	6	0	8	16	180
120	天外飞仙	4	0	1	52	0	0	0		2	2	36	6	2	2	10	6	2	2	58	1	2	2	61	4	0	0	0		1	7	0	8	16	180
121	玉韵琴	4	0	10	64	0	0	0		2	2	1	4	2	2	41	4	2	2	59	1	0	0	0		0	0	0		1	1	0	4	17	180
122	惊涛琴	4	0	10	65	0	0	0		2	2	1	4	2	2	41	4	2	2	59	2	0	0	0		0	0	0		1	1	0	4	17	180
123	奔雷琴	4	0	10	66	0	0	0		2	2	2	4	2	2	42	4	2	2	27	1	2	2	59	3	0	0	0		1	2	0	4	17	180
124	飞瀑连珠	4	0	10	67	0	0	0		2	2	2	4	2	2	42	4	2	2	27	1	2	2	59	4	0	0	0		1	2	0	4	17	180
125	雷动万物	4	0	10	68	0	0	0		2	8	5	4	2	2	43	4	2	2	27	1	2	2	60	1	0	0	0		1	3	0	6	17	180
126	悬崖飞瀑	4	0	10	69	0	0	0		2	2	4	4	2	2	44	4	2	2	57	1	2	2	60	2	0	0	0		1	4	0	6	17	180
127	海月清辉	4	0	10	70	0	0	0		2	2	4	4	2	2	44	4	2	2	57	1	2	2	60	3	0	0	0		1	4	0	8	17	180
128	九霄环佩	4	0	10	71	0	0	0		2	2	5	5	2	2	45	5	2	2	57	1	2	2	60	5	0	0	0		1	5	0	8	17	180
129	号钟	4	0	10	72	0	0	0		2	2	5	5	2	2	45	5	2	2	57	1	2	2	61	2	0	0	0		1	5	0	8	17	180
130	绿绮	4	0	10	73	0	0	0		2	2	6	5	2	2	9	5	2	2	58	1	2	2	61	3	0	0	0		1	6	0	8	17	180
131	焦尾	4	0	10	74	0	0	0		2	2	36	6	2	2	10	6	2	2	58	1	2	2	61	4	0	0	0		1	7	0	8	17	180
132	判官笔	4	0	9	75	0	0	0		2	2	1	4	2	2	41	4	2	2	59	1	0	0	0		0	0	0		1	1	0	4	18	180
133	折冲笔	4	0	9	76	0	0	0		2	2	1	4	2	2	41	4	2	2	59	2	0	0	0		0	0	0		1	1	0	4	18	180
134	春风笔	4	0	9	77	0	0	0		2	2	2	4	2	2	42	4	2	2	27	1	2	2	59	3	0	0	0		1	2	0	4	18	180
135	惊雷笔	4	0	9	78	0	0	0		2	2	2	4	2	2	42	4	2	2	27	1	2	2	59	4	0	0	0		1	2	0	4	18	180
136	无回笔	4	0	9	79	0	0	0		2	8	5	4	2	2	43	4	2	2	27	1	2	2	60	1	0	0	0		1	3	0	6	18	180
137	追月笔	4	0	9	80	0	0	0		2	2	4	4	2	2	44	4	2	2	57	1	2	2	60	2	0	0	0		1	4	0	6	18	180
138	嗜魂笔	4	0	9	81	0	0	0		2	2	4	4	2	2	44	4	2	2	57	1	2	2	60	3	0	0	0		1	4	0	8	18	180
139	龙舌	4	0	9	82	0	0	0		2	2	5	5	2	2	45	5	2	2	57	1	2	2	60	5	0	0	0		1	5	0	8	18	180
140	狼牙	4	0	9	83	0	0	0		2	2	5	5	2	2	45	5	2	2	57	1	2	2	61	2	0	0	0		1	5	0	8	18	180
141	破军	4	0	9	84	0	0	0		2	2	6	5	2	2	9	5	2	2	58	1	2	2	61	3	0	0	0		1	6	0	8	18	180
142	天机	4	0	9	85	0	0	0		2	2	36	6	2	2	10	6	2	2	58	1	2	2	61	4	0	0	0		1	7	0	8	18	180
143	侠少布衣	5	0	100	1	0	0	0		0	0	0		0	0	0		0	0	0		0	0	0		0	0	0		1	1	0	0	22	180
144	黑皂布衣	5	0	100	2	0	0	0		0	0	0		0	0	0		0	0	0		0	0	0		0	0	0		1	1	0	0	22	180
145	紫衿布衣	5	0	100	3	0	0	0		2	2	15	4	2	9	1	4	2	2	62	1	0	0	0		0	0	0		1	1	0	4	22	180
146	蟠龙绣	5	0	100	4	0	0	0		2	2	15	4	2	9	1	4	2	2	62	2	0	0	0		0	0	0		1	1	0	4	22	180
147	伤狼衣	5	0	100	5	0	0	0		2	2	16	4	2	9	2	4	2	2	62	3	0	0	0		0	0	0		1	1	0	4	22	180
148	掩心甲	5	0	100	6	0	0	0		2	2	16	4	2	9	2	4	2	2	62	3	0	0	0		0	0	0		1	1	0	4	22	180
149	神行服	5	0	100	7	0	0	0		2	2	18	4	2	9	3	4	2	2	21	1	2	2	62	4	0	0	0		1	2	0	6	22	180
150	青霜袍	5	0	100	8	0	0	0		2	2	18	4	2	9	3	4	2	2	21	1	2	2	62	4	0	0	0		1	2	0	6	22	180
151	贪狼衣	5	0	100	9	0	0	0		2	2	17	4	2	2	52	4	2	2	22	1	2	2	63	1	0	0	0		1	3	0	8	22	180
152	赤铜胄	5	0	100	10	0	0	0		2	2	17	4	2	2	52	4	2	2	22	1	2	2	63	1	0	0	0		1	3	0	8	22	180
153	软金衣	5	0	100	11	0	0	0		2	2	46	4	2	2	53	4	2	2	22	1	2	2	63	2	0	0	0		1	4	0	8	22	180
154	沧澜衣	5	0	100	12	0	0	0		2	2	46	4	2	2	53	4	2	2	22	1	2	2	63	2	0	0	0		1	4	0	8	22	180
155	蓝鲸皮甲	5	0	100	13	0	0	0		2	2	20	5	2	2	54	5	2	2	22	1	2	2	64	1	0	0	0		1	5	0	8	22	180
156	赤龙袍	5	0	100	14	0	0	0		2	2	20	5	2	2	54	5	2	2	22	1	2	2	64	1	0	0	0		1	5	0	10	22	180
157	天狼衣	5	0	100	15	0	0	0		2	10	7	5	2	2	55	5	2	2	23	1	2	2	64	2	0	0	0		1	6	0	10	22	180
158	冰蚕绸衫	5	0	100	16	0	0	0		2	10	7	5	2	2	55	5	2	2	23	1	2	2	64	2	0	0	0		1	6	0	10	22	180
159	山鬼血衣	5	0	100	17	0	0	0		2	2	47	5	2	9	4	5	2	2	23	1	2	2	64	3	0	0	0		1	6	0	10	22	180
160	天绛袍	5	0	100	18	0	0	0		2	2	47	6	2	9	4	6	2	2	23	1	2	2	64	3	0	0	0		1	7	0	10	22	180
161	侠少衣	5	0	100	19	0	0	0		0	0	0	1	0	0	0	1	0	0	0	1	0	0	0		0	0	0		1	1	0	2	23	180
162	铁护肩	5	0	100	20	0	0	0		0	0	0	1	0	0	0	1	0	0	0	1	0	0	0		0	0	0		1	1	0	2	23	180
163	兽头护肩	5	0	100	21	0	0	0		2	2	15	4	2	9	1	4	2	2	62	1	0	0	0		0	0	0		1	1	0	4	23	180
164	锦丝缠带	5	0	100	22	0	0	0		2	2	15	4	2	9	1	4	2	2	62	2	0	0	0		0	0	0		1	1	0	4	23	180
165	豪侠衣	5	0	100	23	0	0	0		2	2	16	4	2	9	2	4	2	2	62	3	0	0	0		0	0	0		1	1	0	4	23	180
166	金玉绸衫	5	0	100	24	0	0	0		2	2	16	4	2	9	2	4	2	2	62	3	0	0	0		0	0	0		1	1	0	4	23	180
167	绿林装	5	0	100	25	0	0	0		2	2	18	4	2	9	3	4	2	2	21	1	2	2	62	4	0	0	0		1	2	0	6	23	180
168	黄虎皮衣	5	0	100	26	0	0	0		2	2	18	4	2	9	3	4	2	2	21	1	2	2	62	4	0	0	0		1	2	0	6	23	180
169	神牛护甲	5	0	100	27	0	0	0		2	2	17	4	2	2	52	4	2	2	22	1	2	2	63	1	0	0	0		1	3	0	8	23	180
170	紫青霜华衫	5	0	100	28	0	0	0		2	2	17	4	2	2	52	4	2	2	22	1	2	2	63	1	0	0	0		1	3	0	8	23	180
171	虬髯客衣	5	0	100	29	0	0	0		2	2	46	4	2	2	53	4	2	2	22	1	2	2	63	2	0	0	0		1	4	0	8	23	180
172	千忍秘装	5	0	100	30	0	0	0		2	2	46	4	2	2	53	4	2	2	22	1	2	2	63	2	0	0	0		1	4	0	8	23	180
173	神策金甲	5	0	100	31	0	0	0		2	2	20	5	2	2	54	5	2	2	22	1	2	2	64	1	0	0	0		1	5	0	8	23	180
174	五雷亮银甲	5	0	100	32	0	0	0		2	2	20	5	2	2	54	5	2	2	22	1	2	2	64	1	0	0	0		1	5	0	10	23	180
175	精钢炫金甲	5	0	100	33	0	0	0		2	10	7	5	2	2	55	5	2	2	23	1	2	2	64	2	0	0	0		1	6	0	10	23	180
176	火蛛圣衫	5	0	100	34	0	0	0		2	10	7	5	2	2	55	5	2	2	23	1	2	2	64	2	0	0	0		1	6	0	10	23	180
177	血河鬼王铠	5	0	100	35	0	0	0		2	2	47	5	2	9	4	5	2	2	23	1	2	2	64	3	0	0	0		1	6	0	10	23	180
178	龙霸乌金衣	5	0	100	36	0	0	0		2	2	47	6	2	9	4	6	2	2	23	1	2	2	64	3	0	0	0		1	7	0	10	23	180
179	彩裳	5	0	100	37	0	0	0		0	0	0	1	0	0	0	1	0	0	0	1	0	0	0		0	0	0		1	1	0	2	24	180
180	紫菱裳	5	0	100	38	0	0	0		0	0	0	1	0	0	0	1	0	0	0	1	0	0	0		0	0	0		1	1	0	2	24	180
181	紫绒裳	5	0	100	39	0	0	0		2	2	15	4	2	9	1	4	2	2	62	1	0	0	0		0	0	0		1	1	0	4	24	180
182	心印裳	5	0	100	40	0	0	0		2	2	15	4	2	9	1	4	2	2	62	2	0	0	0		0	0	0		1	1	0	4	24	180
183	武炼裳	5	0	100	41	0	0	0		2	2	16	4	2	9	2	4	2	2	62	3	0	0	0		0	0	0		1	1	0	4	24	180
184	天魔裳	5	0	100	42	0	0	0		2	2	16	4	2	9	2	4	2	2	62	3	0	0	0		0	0	0		1	1	0	4	24	180
185	炼甲裳	5	0	100	43	0	0	0		2	2	18	4	2	9	3	4	2	2	21	1	2	2	62	4	0	0	0		1	2	0	6	24	180
186	浣花裳	5	0	100	44	0	0	0		2	2	18	4	2	9	3	4	2	2	21	1	2	2	62	4	0	0	0		1	2	0	6	24	180
187	锦缨裳	5	0	100	45	0	0	0		2	2	17	4	2	2	52	4	2	2	22	1	2	2	63	1	0	0	0		1	3	0	8	24	180
188	女杰裳	5	0	100	46	0	0	0		2	2	17	4	2	2	52	4	2	2	22	1	2	2	63	1	0	0	0		1	3	0	8	24	180
189	青灵裳	5	0	100	47	0	0	0		2	2	46	4	2	2	53	4	2	2	22	1	2	2	63	2	0	0	0		1	4	0	8	24	180
190	红霓裳	5	0	100	48	0	0	0		2	2	46	4	2	2	53	4	2	2	22	1	2	2	63	2	0	0	0		1	4	0	8	24	180
191	鳞光甲衣	5	0	100	49	0	0	0		2	2	20	5	2	2	54	5	2	2	22	1	2	2	64	1	0	0	0		1	5	0	8	24	180
192	胡姬舞衣	5	0	100	50	0	0	0		2	2	20	5	2	2	54	5	2	2	22	1	2	2	64	1	0	0	0		1	5	0	10	24	180
193	明光甲衣	5	0	100	51	0	0	0		2	10	7	5	2	2	55	5	2	2	23	1	2	2	64	2	0	0	0		1	6	0	10	24	180
194	霓裳羽衣	5	0	100	52	0	0	0		2	10	7	5	2	2	55	5	2	2	23	1	2	2	64	2	0	0	0		1	6	0	10	24	180
195	天衣	5	0	100	53	0	0	0		2	2	47	5	2	9	4	5	2	2	23	1	2	2	64	3	0	0	0		1	6	0	10	24	180
196	飞天彩裳	5	0	100	54	0	0	0		2	2	47	6	2	9	4	6	2	2	23	1	2	2	64	3	0	0	0		1	7	0	10	24	180
197	羽裳	5	0	100	55	0	0	0		0	0	0	1	0	0	0	1	0	0	0	1	0	0	0		0	0	0		1	1	0	2	25	180
198	红云裳	5	0	100	56	0	0	0		0	0	0	1	0	0	0	1	0	0	0	1	0	0	0		0	0	0		1	1	0	2	25	180
199	紫劲衫	5	0	100	57	0	0	0		2	2	15	4	2	9	1	4	2	2	62	1	0	0	0		0	0	0		1	1	0	4	25	180
200	灵运裳	5	0	100	58	0	0	0		2	2	15	4	2	9	1	4	2	2	62	2	0	0	0		0	0	0		1	1	0	4	25	180
201	巾帼衫	5	0	100	59	0	0	0		2	2	16	4	2	9	2	4	2	2	62	3	0	0	0		0	0	0		1	1	0	4	25	180
202	风雨裳	5	0	100	60	0	0	0		2	2	16	4	2	9	2	4	2	2	62	3	0	0	0		0	0	0		1	1	0	4	25	180
203	密云衫	5	0	100	61	0	0	0		2	2	18	4	2	9	3	4	2	2	21	1	2	2	62	4	0	0	0		1	2	0	6	25	180
204	武斗裳	5	0	100	62	0	0	0		2	2	18	4	2	9	3	4	2	2	21	1	2	2	62	4	0	0	0		1	2	0	6	25	180
205	天蚕甲衣	5	0	100	63	0	0	0		2	2	17	4	2	2	52	4	2	2	22	1	2	2	63	1	0	0	0		1	3	0	8	25	180
206	绮罗裳	5	0	100	64	0	0	0		2	2	17	4	2	2	52	4	2	2	22	1	2	2	63	1	0	0	0		1	3	0	8	25	180
207	天工斗衣	5	0	100	65	0	0	0		2	2	46	4	2	2	53	4	2	2	22	1	2	2	63	2	0	0	0		1	4	0	8	25	180
208	玲珑裳	5	0	100	66	0	0	0		2	2	46	4	2	2	53	4	2	2	22	1	2	2	63	2	0	0	0		1	4	0	8	25	180
209	兽王斗衣	5	0	100	67	0	0	0		2	2	20	5	2	2	54	5	2	2	22	1	2	2	64	1	0	0	0		1	5	0	8	25	180
210	彩华裳	5	0	100	68	0	0	0		2	2	20	5	2	2	54	5	2	2	22	1	2	2	64	1	0	0	0		1	5	0	10	25	180
211	逆云斗衣	5	0	100	69	0	0	0		2	10	7	5	2	2	55	5	2	2	23	1	2	2	64	2	0	0	0		1	6	0	10	25	180
212	锦云裳	5	0	100	70	0	0	0		2	10	7	5	2	2	55	5	2	2	23	1	2	2	64	2	0	0	0		1	6	0	10	25	180
213	无双斗衣	5	0	100	71	0	0	0		2	2	47	5	2	9	4	5	2	2	23	1	2	2	64	3	0	0	0		1	6	0	10	25	180
214	五彩霓裳	5	0	100	72	0	0	0		2	2	47	6	2	9	4	6	2	2	23	1	2	2	64	3	0	0	0		1	7	0	10	25	180
215	素炒竹肉	7	1	1	6	1	1	7	5	1	3	9	2	1	3	19	2	0	0	0		0	0	0		0	0	0		0	1	0	8	37	54
216	玉笛谁家听落梅	7	1	1	16	1	1	17	5	1	3	16	2	1	3	15	2	1	3	14	1	0	0	0		0	0	0		0	8	0	10	37	54
217	二十四桥明月夜	7	1	1	17	0	0	0		1	3	17	2	1	3	16	2	1	3	15	1	0	0	0		0	0	0		0	9	0	10	37	54
218	蛋炒饭	7	1	1	14	1	1	15	5	1	3	16	2	1	3	15	2	1	3	14	1	0	0	0		0	0	0		0	8	0	10	36	54
219	黄金糕	7	1	1	15	0	0	0		1	3	17	2	1	3	16	2	1	3	15	1	0	0	0		0	0	0		0	9	0	10	36	54
220	吞龙宝刀	2	2	0	128	0	0	0		2	0	126	1	2	0	127	1	0	0	0		0	0	0		0	0	0		0	4	0	1	50	180
221	花笼百鸟裙	5	2	0	131	0	0	0		2	0	129	1	2	0	130	1	0	0	0		0	0	0		0	0	0		0	4	0	1	50	180
222	当归炖蛇汤	7	2	0	134	0	0	0		2	0	132	1	2	0	133	1	0	0	0		0	0	0		0	0	0		0	4	0	1	50	180
223	吞龙宝刀	3	2	0	128	0	0	0		2	0	126	1	2	0	127	1	0	0	0		0	0	0		0	0	0		0	4	0	1	50	180
224	吞龙宝刀	4	2	0	128	0	0	0		2	0	126	1	2	0	127	1	0	0	0		0	0	0		0	0	0		0	4	0	1	50	180
225	当归炖蛇汤	6	2	0	134	0	0	0		2	0	132	1	2	0	133	1	0	0	0		0	0	0		0	0	0		0	4	0	1	50	180
226	扬州土地符	8	1	5	7	0	0	0		2	2	65	1	2	1	907	1	0	0	0		0	0	0		0	0	0		0	1	0	1	42	54
227	军用长矛	2	2	0	314	0	0	0		2	0	307	5	2	0	308	5	2	0	310	5	0	0	0		0	0	0		0	1	0	1	50	90
228	军用长剑	3	2	0	315	0	0	0		2	0	307	5	2	0	308	5	2	0	311	5	0	0	0		0	0	0		0	1	0	1	50	90
229	军用箭囊	4	2	0	316	0	0	0		2	0	308	5	2	0	310	5	2	0	311	5	0	0	0		0	0	0		0	1	0	1	50	90
230	军用盔甲	5	2	0	317	0	0	0		2	0	310	5	2	0	311	5	2	0	308	5	0	0	0		0	0	0		0	1	0	1	50	90
231	军用符纸	8	2	0	318	0	0	0		2	0	313	5	2	0	311	5	2	0	310	5	0	0	0		0	0	0		0	1	0	1	50	54
232	军用医药	6	2	0	319	0	0	0		2	0	312	5	2	0	313	5	2	0	309	5	0	0	0		0	0	0		0	1	0	1	50	54
233	军用粮食	7	2	0	320	0	0	0		2	0	309	5	2	0	312	5	2	0	308	5	0	0	0		0	0	0		0	1	0	1	50	54
234	白日丹	6	1	0	17	0	0	0		1	2	8	2	1	2	1	3	1	3	19	2	2	2	28	1	0	0	0		0	1	0	4	32	54
235	全生丹	6	1	0	18	0	0	0		1	2	2	3	1	2	1	2	1	3	10	2	2	2	28	3	0	0	0		0	3	0	4	32	54
236	召魂丹	6	1	0	19	0	0	0		1	2	3	3	1	2	2	2	1	3	11	2	2	2	28	5	0	0	0		0	5	0	4	32	54
237	渔神役使丹	6	1	0	20	0	0	0		1	2	9	3	1	2	3	2	1	3	12	2	2	2	28	8	0	0	0		0	7	0	6	32	54
238	奔星却月丹	6	1	0	21	0	0	0		1	2	11	3	1	2	10	2	1	3	13	2	2	2	28	10	0	0	0		0	8	0	6	32	54
239	益阳散	6	1	0	22	0	0	0		1	2	8	2	1	2	1	3	1	3	19	2	2	2	28	1	0	0	0		0	1	0	4	32	54
240	千金散	6	1	0	23	0	0	0		1	2	2	3	1	2	1	2	1	3	10	2	2	2	28	3	0	0	0		0	3	0	4	32	54
241	补天散	6	1	0	24	0	0	0		1	2	3	3	1	2	2	2	1	3	11	2	2	2	28	5	0	0	0		0	5	0	4	32	54
242	七虫七花散	6	1	0	25	0	0	0		1	2	9	3	1	2	3	2	1	3	12	2	2	2	28	8	0	0	0		0	7	0	6	32	54
243	大日炎阳散	6	1	0	26	0	0	0		1	2	11	3	1	2	10	2	1	3	13	2	2	2	28	10	0	0	0		0	8	0	6	32	54
244	解毒丹	6	1	0	27	0	0	0		1	2	8	1	1	2	1	1	1	3	19	2	2	2	28	1	0	0	0		0	1	0	4	33	54
245	止水丹	6	1	0	28	0	0	0		1	2	2	1	1	2	1	1	1	3	10	2	2	2	28	2	0	0	0		0	3	0	4	33	54
246	排云丹	6	1	0	29	0	0	0		1	2	3	1	1	2	2	1	1	3	11	2	2	2	28	3	0	0	0		0	5	0	4	33	54
247	乾元正气丹	6	1	0	30	0	0	0		1	2	9	1	1	2	3	1	1	3	12	2	2	2	28	4	0	0	0		0	7	0	6	33	54
248	天王补心丹	6	1	0	31	0	0	0		1	2	11	1	1	2	10	1	1	3	13	2	2	2	28	5	0	0	0		0	8	0	6	33	54
249	侠少头巾	10	0	103	1	0	0	0		0	0	0	1	0	0	0	1	0	0	0	1	0	0	0		0	0	0		1	1	0	2	22	180
250	风雨巾	10	0	103	2	0	0	0		0	0	0	1	0	0	0	1	0	0	0	1	0	0	0		0	0	0		1	1	0	2	22	180
251	英雄巾	10	0	103	3	0	0	0		2	2	15	4	2	9	1	4	2	2	62	1	0	0	0		0	0	0		1	1	0	4	22	180
252	锦布发带	10	0	103	4	0	0	0		2	2	15	4	2	9	1	4	2	2	62	2	0	0	0		0	0	0		1	1	0	4	22	180
253	满月笠	10	0	103	5	0	0	0		2	2	16	4	2	9	2	4	2	2	62	3	0	0	0		0	0	0		1	1	0	4	22	180
254	金风冠	10	0	103	6	0	0	0		2	2	16	4	2	9	2	4	2	2	62	3	0	0	0		0	0	0		1	1	0	4	22	180
255	蒙面巾	10	0	103	7	0	0	0		2	2	18	4	2	9	3	4	2	2	21	1	2	2	62	4	0	0	0		1	2	0	6	22	180
256	华阳巾	10	0	103	8	0	0	0		2	2	18	4	2	9	3	4	2	2	21	1	2	2	62	4	0	0	0		1	2	0	6	22	180
257	铁线笠	10	0	103	9	0	0	0		2	2	17	4	2	2	52	4	2	2	22	1	2	2	63	1	0	0	0		1	3	0	8	22	180
258	逸隐冠	10	0	103	10	0	0	0		2	2	17	4	2	2	52	4	2	2	22	1	2	2	63	1	0	0	0		1	3	0	8	22	180
259	红绫面巾	10	0	103	11	0	0	0		2	2	46	4	2	2	53	4	2	2	22	1	2	2	63	2	0	0	0		1	4	0	8	22	180
260	行云束带	10	0	103	12	0	0	0		2	2	46	4	2	2	53	4	2	2	22	1	2	2	63	2	0	0	0		1	4	0	8	22	180
261	青纱眼罩	10	0	103	13	0	0	0		2	2	20	5	2	2	54	5	2	2	22	1	2	2	64	1	0	0	0		1	5	0	8	22	180
262	赤蜻眼罩	10	0	103	14	0	0	0		2	2	20	5	2	2	54	5	2	2	22	1	2	2	64	1	0	0	0		1	5	0	10	22	180
263	飞云笠	10	0	103	15	0	0	0		2	10	7	5	2	2	55	5	2	2	23	1	2	2	64	2	0	0	0		1	6	0	10	22	180
264	绝玉冠	10	0	103	16	0	0	0		2	10	7	5	2	2	55	5	2	2	23	1	2	2	64	2	0	0	0		1	6	0	10	22	180
265	山鬼面具	10	0	103	17	0	0	0		2	2	47	5	2	9	4	5	2	2	23	1	2	2	64	3	0	0	0		1	6	0	10	22	180
266	秘神冠	10	0	103	18	0	0	0		2	2	47	6	2	9	4	6	2	2	23	1	2	2	64	3	0	0	0		1	7	0	10	22	180
267	侠少头带	10	0	103	19	0	0	0		0	0	0	1	0	0	0	1	0	0	0	1	0	0	0		0	0	0		1	1	0	2	23	180
268	黑锦头带	10	0	103	20	0	0	0		0	0	0	1	0	0	0	1	0	0	0	1	0	0	0		0	0	0		1	1	0	2	23	180
269	牛皮头巾	10	0	103	21	0	0	0		2	2	15	4	2	9	1	4	2	2	62	1	0	0	0		0	0	0		1	1	0	4	23	180
270	金绦发带	10	0	103	22	0	0	0		2	2	15	4	2	9	1	4	2	2	62	2	0	0	0		0	0	0		1	1	0	4	23	180
271	武胜纱帽	10	0	103	23	0	0	0		2	2	16	4	2	9	2	4	2	2	62	3	0	0	0		0	0	0		1	1	0	4	23	180
272	黄绸束带	10	0	103	24	0	0	0		2	2	16	4	2	9	2	4	2	2	62	3	0	0	0		0	0	0		1	1	0	4	23	180
273	神木发带	10	0	103	25	0	0	0		2	2	18	4	2	9	3	4	2	2	21	1	2	2	62	4	0	0	0		1	2	0	6	23	180
274	弱水笠	10	0	103	26	0	0	0		2	2	18	4	2	9	3	4	2	2	21	1	2	2	62	4	0	0	0		1	2	0	6	23	180
275	朱雀束带	10	0	103	27	0	0	0		2	2	17	4	2	2	52	4	2	2	22	1	2	2	63	1	0	0	0		1	3	0	8	23	180
276	海神发结	10	0	103	28	0	0	0		2	2	17	4	2	2	52	4	2	2	22	1	2	2	63	1	0	0	0		1	3	0	8	23	180
277	定国紫染带	10	0	103	29	0	0	0		2	2	46	4	2	2	53	4	2	2	22	1	2	2	63	2	0	0	0		1	4	0	8	23	180
278	秘忍面罩	10	0	103	30	0	0	0		2	2	46	4	2	2	53	4	2	2	22	1	2	2	63	2	0	0	0		1	4	0	8	23	180
279	神策金盔	10	0	103	31	0	0	0		2	2	20	5	2	2	54	5	2	2	22	1	2	2	64	1	0	0	0		1	5	0	8	23	180
280	五鬼头巾	10	0	103	32	0	0	0		2	2	20	5	2	2	54	5	2	2	22	1	2	2	64	1	0	0	0		1	5	0	10	23	180
281	精钢战盔	10	0	103	33	0	0	0		2	10	7	5	2	2	55	5	2	2	23	1	2	2	64	2	0	0	0		1	6	0	10	23	180
282	雷池面具	10	0	103	34	0	0	0		2	10	7	5	2	2	55	5	2	2	23	1	2	2	64	2	0	0	0		1	6	0	10	23	180
283	钟馗面具	10	0	103	35	0	0	0		2	2	47	5	2	9	4	5	2	2	23	1	2	2	64	3	0	0	0		1	6	0	10	23	180
284	异神头巾	10	0	103	36	0	0	0		2	2	47	6	2	9	4	6	2	2	23	1	2	2	64	3	0	0	0		1	7	0	10	23	180
285	桃木发簪	10	0	103	37	0	0	0		0	0	0	1	0	0	0	1	0	0	0	1	0	0	0		0	0	0		1	1	0	2	24	180
286	彩木发簪	10	0	103	38	0	0	0		0	0	0	1	0	0	0	1	0	0	0	1	0	0	0		0	0	0		1	1	0	2	24	180
287	防风笠	10	0	103	39	0	0	0		2	2	15	4	2	9	1	4	2	2	62	1	0	0	0		0	0	0		1	1	0	4	24	180
288	辟水笠	10	0	103	40	0	0	0		2	2	15	4	2	9	1	4	2	2	62	2	0	0	0		0	0	0		1	1	0	4	24	180
289	青铜发结	10	0	103	41	0	0	0		2	2	16	4	2	9	2	4	2	2	62	3	0	0	0		0	0	0		1	1	0	4	24	180
290	珊瑚簪	10	0	103	42	0	0	0		2	2	16	4	2	9	2	4	2	2	62	3	0	0	0		0	0	0		1	1	0	4	24	180
291	磐石发结	10	0	103	43	0	0	0		2	2	18	4	2	9	3	4	2	2	21	1	2	2	62	4	0	0	0		1	2	0	6	24	180
292	孔雀簪	10	0	103	44	0	0	0		2	2	18	4	2	9	3	4	2	2	21	1	2	2	62	4	0	0	0		1	2	0	6	24	180
293	朱雀发结	10	0	103	45	0	0	0		2	2	17	4	2	2	52	4	2	2	22	1	2	2	63	1	0	0	0		1	3	0	8	24	180
294	腾蛇发簪	10	0	103	46	0	0	0		2	2	17	4	2	2	52	4	2	2	22	1	2	2	63	1	0	0	0		1	3	0	8	24	180
295	冥蝶发结	10	0	103	47	0	0	0		2	2	46	4	2	2	53	4	2	2	22	1	2	2	63	2	0	0	0		1	4	0	8	24	180
296	金凤簪	10	0	103	48	0	0	0		2	2	46	4	2	2	53	4	2	2	22	1	2	2	63	2	0	0	0		1	4	0	8	24	180
297	地杰	10	0	103	49	0	0	0		2	2	20	5	2	2	54	5	2	2	22	1	2	2	64	1	0	0	0		1	5	0	8	24	180
298	夺魂	10	0	103	50	0	0	0		2	2	20	5	2	2	54	5	2	2	22	1	2	2	64	1	0	0	0		1	5	0	10	24	180
299	日冕	10	0	103	51	0	0	0		2	10	7	5	2	2	55	5	2	2	23	1	2	2	64	2	0	0	0		1	6	0	10	24	180
300	神乌	10	0	103	52	0	0	0		2	10	7	5	2	2	55	5	2	2	23	1	2	2	64	2	0	0	0		1	6	0	10	24	180
301	修罗	10	0	103	53	0	0	0		2	2	47	5	2	9	4	5	2	2	23	1	2	2	64	3	0	0	0		1	6	0	10	24	180
302	朱雀	10	0	103	54	0	0	0		2	2	47	6	2	9	4	6	2	2	23	1	2	2	64	3	0	0	0		1	7	0	10	24	180
303	桃木簪	10	0	103	55	0	0	0		0	0	0	1	0	0	0	1	0	0	0	1	0	0	0		0	0	0		1	1	0	2	25	180
304	彩纹木簪	10	0	103	56	0	0	0		0	0	0	1	0	0	0	1	0	0	0	1	0	0	0		0	0	0		1	1	0	2	25	180
305	木齿束发	10	0	103	57	0	0	0		2	2	15	4	2	9	1	4	2	2	62	1	0	0	0		0	0	0		1	1	0	4	25	180
306	银铃簪	10	0	103	58	0	0	0		2	2	15	4	2	9	1	4	2	2	62	2	0	0	0		0	0	0		1	1	0	4	25	180
307	鬼面束发	10	0	103	59	0	0	0		2	2	16	4	2	9	2	4	2	2	62	3	0	0	0		0	0	0		1	1	0	4	25	180
308	青蓝发带	10	0	103	60	0	0	0		2	2	16	4	2	9	2	4	2	2	62	3	0	0	0		0	0	0		1	1	0	4	25	180
309	蓝蝶束发	10	0	103	61	0	0	0		2	2	18	4	2	9	3	4	2	2	21	1	2	2	62	4	0	0	0		1	2	0	6	25	180
310	白虹簪	10	0	103	62	0	0	0		2	2	18	4	2	9	3	4	2	2	21	1	2	2	62	4	0	0	0		1	2	0	6	25	180
311	千机束额	10	0	103	63	0	0	0		2	2	17	4	2	2	52	4	2	2	22	1	2	2	63	1	0	0	0		1	3	0	8	25	180
312	天罗钗	10	0	103	64	0	0	0		2	2	17	4	2	2	52	4	2	2	22	1	2	2	63	1	0	0	0		1	3	0	8	25	180
313	天风束额	10	0	103	65	0	0	0		2	2	46	4	2	2	53	4	2	2	22	1	2	2	63	2	0	0	0		1	4	0	8	25	180
314	云梦钗	10	0	103	66	0	0	0		2	2	46	4	2	2	53	4	2	2	22	1	2	2	63	2	0	0	0		1	4	0	8	25	180
315	飞鸟	10	0	103	67	0	0	0		2	2	20	5	2	2	54	5	2	2	22	1	2	2	64	1	0	0	0		1	5	0	8	25	180
316	鸿鹄	10	0	103	68	0	0	0		2	2	20	5	2	2	54	5	2	2	22	1	2	2	64	1	0	0	0		1	5	0	10	25	180
317	宝象	10	0	103	69	0	0	0		2	10	7	5	2	2	55	5	2	2	23	1	2	2	64	2	0	0	0		1	6	0	10	25	180
318	风雷	10	0	103	70	0	0	0		2	10	7	5	2	2	55	5	2	2	23	1	2	2	64	2	0	0	0		1	6	0	10	25	180
319	巫咸	10	0	103	71	0	0	0		2	2	47	5	2	9	4	5	2	2	23	1	2	2	64	3	0	0	0		1	6	0	10	25	180
320	长生	10	0	103	72	0	0	0		2	2	47	6	2	9	4	6	2	2	23	1	2	2	64	3	0	0	0		1	7	0	10	25	180
321	侠少布装	9	0	101	1	0	0	0		0	0	0	1	0	0	0	1	0	0	0	1	0	0	0		0	0	0		1	1	0	2	22	180
322	远足装	9	0	101	2	0	0	0		0	0	0	1	0	0	0	1	0	0	0	1	0	0	0		0	0	0		1	1	0	2	22	180
323	狼皮装	9	0	101	3	0	0	0		2	2	15	4	2	9	1	4	2	2	62	1	0	0	0		0	0	0		1	1	0	4	22	180
324	如意装	9	0	101	4	0	0	0		2	2	15	4	2	9	1	4	2	2	62	2	0	0	0		0	0	0		1	1	0	4	22	180
325	虎皮装	9	0	101	5	0	0	0		2	2	16	4	2	9	2	4	2	2	62	3	0	0	0		0	0	0		1	1	0	4	22	180
326	轻甲装	9	0	101	6	0	0	0		2	2	16	4	2	9	2	4	2	2	62	3	0	0	0		0	0	0		1	1	0	4	22	180
327	夜行装	9	0	101	7	0	0	0		2	2	18	4	2	9	3	4	2	2	21	1	2	2	62	4	0	0	0		1	2	0	6	22	180
328	火翔装	9	0	101	8	0	0	0		2	2	18	4	2	9	3	4	2	2	21	1	2	2	62	4	0	0	0		1	2	0	6	22	180
329	赤鳞装	9	0	101	9	0	0	0		2	2	17	4	2	2	52	4	2	2	22	1	2	2	63	1	0	0	0		1	3	0	8	22	180
330	如意装	9	0	101	10	0	0	0		2	2	17	4	2	2	52	4	2	2	22	1	2	2	63	1	0	0	0		1	3	0	8	22	180
331	龙皮装	9	0	101	11	0	0	0		2	2	46	4	2	2	53	4	2	2	22	1	2	2	63	2	0	0	0		1	4	0	8	22	180
332	幻影装	9	0	101	12	0	0	0		2	2	46	4	2	2	53	4	2	2	22	1	2	2	63	2	0	0	0		1	4	0	8	22	180
333	天狼装	9	0	101	13	0	0	0		2	2	20	5	2	2	54	5	2	2	22	1	2	2	64	1	0	0	0		1	5	0	8	22	180
334	飞鱼装	9	0	101	14	0	0	0		2	2	20	5	2	2	54	5	2	2	22	1	2	2	64	1	0	0	0		1	5	0	10	22	180
335	青云装	9	0	101	15	0	0	0		2	10	7	5	2	2	55	5	2	2	23	1	2	2	64	2	0	0	0		1	6	0	10	22	180
336	碧鳞装	9	0	101	16	0	0	0		2	10	7	5	2	2	55	5	2	2	23	1	2	2	64	2	0	0	0		1	6	0	10	22	180
337	杀劫装	9	0	101	17	0	0	0		2	2	47	5	2	9	4	5	2	2	23	1	2	2	64	3	0	0	0		1	6	0	10	22	180
338	乌蚕装	9	0	101	18	0	0	0		2	2	47	6	2	9	4	6	2	2	23	1	2	2	64	3	0	0	0		1	7	0	10	22	180
339	侠少装	9	0	101	19	0	0	0		0	0	0	1	0	0	0	1	0	0	0	1	0	0	0		0	0	0		1	1	0	2	23	180
340	回风装	9	0	101	20	0	0	0		0	0	0	1	0	0	0	1	0	0	0	1	0	0	0		0	0	0		1	1	0	2	23	180
341	莽牛装	9	0	101	21	0	0	0		2	2	15	4	2	9	1	4	2	2	62	1	0	0	0		0	0	0		1	1	0	4	23	180
342	金丝装	9	0	101	22	0	0	0		2	2	15	4	2	9	1	4	2	2	62	2	0	0	0		0	0	0		1	1	0	4	23	180
343	豪勇装	9	0	101	23	0	0	0		2	2	16	4	2	9	2	4	2	2	62	3	0	0	0		0	0	0		1	1	0	4	23	180
344	金缕装	9	0	101	24	0	0	0		2	2	16	4	2	9	2	4	2	2	62	3	0	0	0		0	0	0		1	1	0	4	23	180
345	游侠装	9	0	101	25	0	0	0		2	2	18	4	2	9	3	4	2	2	21	1	2	2	62	4	0	0	0		1	2	0	6	23	180
346	虎皮劲装	9	0	101	26	0	0	0		2	2	18	4	2	9	3	4	2	2	21	1	2	2	62	4	0	0	0		1	2	0	6	23	180
347	锦澜装	9	0	101	27	0	0	0		2	2	17	4	2	2	52	4	2	2	22	1	2	2	63	1	0	0	0		1	3	0	8	23	180
348	青霜装	9	0	101	28	0	0	0		2	2	17	4	2	2	52	4	2	2	22	1	2	2	63	1	0	0	0		1	3	0	8	23	180
349	天风装	9	0	101	29	0	0	0		2	2	46	4	2	2	53	4	2	2	22	1	2	2	63	2	0	0	0		1	4	0	8	23	180
350	秘隐装	9	0	101	30	0	0	0		2	2	46	4	2	2	53	4	2	2	22	1	2	2	63	2	0	0	0		1	4	0	8	23	180
351	神策装	9	0	101	31	0	0	0		2	2	20	5	2	2	54	5	2	2	22	1	2	2	64	1	0	0	0		1	5	0	8	23	180
352	天雷装	9	0	101	32	0	0	0		2	2	20	5	2	2	54	5	2	2	22	1	2	2	64	1	0	0	0		1	5	0	10	23	180
353	柔钢装	9	0	101	33	0	0	0		2	10	7	5	2	2	55	5	2	2	23	1	2	2	64	2	0	0	0		1	6	0	10	23	180
354	狂炎装	9	0	101	34	0	0	0		2	10	7	5	2	2	55	5	2	2	23	1	2	2	64	2	0	0	0		1	6	0	10	23	180
355	血河装	9	0	101	35	0	0	0		2	2	47	5	2	9	4	5	2	2	23	1	2	2	64	3	0	0	0		1	6	0	10	23	180
356	天罡装	9	0	101	36	0	0	0		2	2	47	6	2	9	4	6	2	2	23	1	2	2	64	3	0	0	0		1	7	0	10	23	180
357	彩绣装	9	0	101	37	0	0	0		0	0	0	1	0	0	0	1	0	0	0	1	0	0	0		0	0	0		1	1	0	2	24	180
358	胡姬绣装	9	0	101	38	0	0	0		0	0	0	1	0	0	0	1	0	0	0	1	0	0	0		0	0	0		1	1	0	2	24	180
359	黑绒绣装	9	0	101	39	0	0	0		2	2	15	4	2	9	1	4	2	2	62	1	0	0	0		0	0	0		1	1	0	4	24	180
360	碧云绣装	9	0	101	40	0	0	0		2	2	15	4	2	9	1	4	2	2	62	2	0	0	0		0	0	0		1	1	0	4	24	180
361	武炼绣装	9	0	101	41	0	0	0		2	2	16	4	2	9	2	4	2	2	62	3	0	0	0		0	0	0		1	1	0	4	24	180
362	火浣绣装	9	0	101	42	0	0	0		2	2	16	4	2	9	2	4	2	2	62	3	0	0	0		0	0	0		1	1	0	4	24	180
363	炼甲绣装	9	0	101	43	0	0	0		2	2	18	4	2	9	3	4	2	2	21	1	2	2	62	4	0	0	0		1	2	0	6	24	180
364	狮蛮绣装	9	0	101	44	0	0	0		2	2	18	4	2	9	3	4	2	2	21	1	2	2	62	4	0	0	0		1	2	0	6	24	180
365	锦樱绣装	9	0	101	45	0	0	0		2	2	17	4	2	2	52	4	2	2	22	1	2	2	63	1	0	0	0		1	3	0	8	24	180
366	云霞绣装	9	0	101	46	0	0	0		2	2	17	4	2	2	52	4	2	2	22	1	2	2	63	1	0	0	0		1	3	0	8	24	180
367	璇金甲装	9	0	101	47	0	0	0		2	2	46	4	2	2	53	4	2	2	22	1	2	2	63	2	0	0	0		1	4	0	8	24	180
368	红云绣装	9	0	101	48	0	0	0		2	2	46	4	2	2	53	4	2	2	22	1	2	2	63	2	0	0	0		1	4	0	8	24	180
369	雷神	9	0	101	49	0	0	0		2	2	20	5	2	2	54	5	2	2	22	1	2	2	64	1	0	0	0		1	5	0	8	24	180
370	天马	9	0	101	50	0	0	0		2	2	20	5	2	2	54	5	2	2	22	1	2	2	64	1	0	0	0		1	5	0	10	24	180
371	破阵	9	0	101	51	0	0	0		2	10	7	5	2	2	55	5	2	2	23	1	2	2	64	2	0	0	0		1	6	0	10	24	180
372	拂云	9	0	101	52	0	0	0		2	10	7	5	2	2	55	5	2	2	23	1	2	2	64	2	0	0	0		1	6	0	10	24	180
373	虎啸	9	0	101	53	0	0	0		2	2	47	5	2	9	4	5	2	2	23	1	2	2	64	3	0	0	0		1	6	0	10	24	180
374	太清	9	0	101	54	0	0	0		2	2	47	6	2	9	4	6	2	2	23	1	2	2	64	3	0	0	0		1	7	0	10	24	180
375	浅草绣装	9	0	101	55	0	0	0		0	0	0	1	0	0	0	1	0	0	0	1	0	0	0		0	0	0		1	1	0	2	25	180
376	紫霞绣装	9	0	101	56	0	0	0		0	0	0	1	0	0	0	1	0	0	0	1	0	0	0		0	0	0		1	1	0	2	25	180
377	风尘绣装	9	0	101	57	0	0	0		2	2	15	4	2	9	1	4	2	2	62	1	0	0	0		0	0	0		1	1	0	4	25	180
378	灵运绣装	9	0	101	58	0	0	0		2	2	15	4	2	9	1	4	2	2	62	2	0	0	0		0	0	0		1	1	0	4	25	180
379	飞红绣装	9	0	101	59	0	0	0		2	2	16	4	2	9	2	4	2	2	62	3	0	0	0		0	0	0		1	1	0	4	25	180
380	风雨绣装	9	0	101	60	0	0	0		2	2	16	4	2	9	2	4	2	2	62	3	0	0	0		0	0	0		1	1	0	4	25	180
381	陷阵绣装	9	0	101	61	0	0	0		2	2	18	4	2	9	3	4	2	2	21	1	2	2	62	4	0	0	0		1	2	0	6	25	180
382	碧湖绣装	9	0	101	62	0	0	0		2	2	18	4	2	9	3	4	2	2	21	1	2	2	62	4	0	0	0		1	2	0	6	25	180
383	天蚕绣装	9	0	101	63	0	0	0		2	2	17	4	2	2	52	4	2	2	22	1	2	2	63	1	0	0	0		1	3	0	8	25	180
384	绮罗绣装	9	0	101	64	0	0	0		2	2	17	4	2	2	52	4	2	2	22	1	2	2	63	1	0	0	0		1	3	0	8	25	180
385	武神绣装	9	0	101	65	0	0	0		2	2	46	4	2	2	53	4	2	2	22	1	2	2	63	2	0	0	0		1	4	0	8	25	180
386	玲珑绣装	9	0	101	66	0	0	0		2	2	46	4	2	2	53	4	2	2	22	1	2	2	63	2	0	0	0		1	4	0	8	25	180
387	百战	9	0	101	67	0	0	0		2	2	20	5	2	2	54	5	2	2	22	1	2	2	64	1	0	0	0		1	5	0	8	25	180
388	神女	9	0	101	68	0	0	0		2	2	20	5	2	2	54	5	2	2	22	1	2	2	64	1	0	0	0		1	5	0	10	25	180
389	雨铃	9	0	101	69	0	0	0		2	10	7	5	2	2	55	5	2	2	23	1	2	2	64	2	0	0	0		1	6	0	10	25	180
390	散花	9	0	101	70	0	0	0		2	10	7	5	2	2	55	5	2	2	23	1	2	2	64	2	0	0	0		1	6	0	10	25	180
391	红玉	9	0	101	71	0	0	0		2	2	47	5	2	9	4	5	2	2	23	1	2	2	64	3	0	0	0		1	6	0	10	25	180
392	出云	9	0	101	72	0	0	0		2	2	47	6	2	9	4	6	2	2	23	1	2	2	64	3	0	0	0		1	7	0	10	25	180
																																			
																																			
																																			
																																			
																																			
																																			
																																			
																																			
																																			
																																			
																																			
																																			
																																			
																																			
																																			
																																			
																																			
																																			
																																			
																																			
																																			
																																			
																																			
																																			
																																			
																																			
																																			
																																			
																																			
																																			
																																			
																																			
																																			
																																			
																																			
																																			
																																			
																																			
																																			
																																			
																																			
																																			
																																			
																																			
																																			
																																			
																																			
																																			
																																			
																																			
																																			
																																			
																																			
																																			
																																			
																																			
																																			
																																			
																																			
																																			
																																			
																																			
																																			
																																			
																																			
																																			
																																			
																																			
																																			
																																			
																																			
																																			
																																			
																																			
																																			
																																			
																																			
																																			
																																			
																																			
																																			
																																			
																																			
																																			
																																			
																																			
																																			
																																			
																																			
																																			
																																			
																																			
																																			
																																			
																																			
																																			
																																			
																																			
																																			
																																			
																																			
																																			
																																			
																																			
																																			
																																			
																																			
																																			
																																			
																																			
																																			
																																			
																																			
																																			
																																			
																																			
																																			
																																			
																																			
																																			
																																			
																																			
																																			
																																			
																																			
																																			
																																			
																																			
																																			
																																			
																																			
																																			
																																			
																																			
																																			
																																			
																																			
																																			
																																			
																																			
																																			
																																			
																																			
																																			
																																			
																																			
																																			
																																			
																																			
																																			
																																			
																																			
																																			
																																			
																																			
																																			
																																			
																																			
																																			
																																			
																																			
																																			
																																			
																																			
																																			
																																			
																																			
																																			
																																			
																																			
																																			
																																			
																																			
																																			
																																			
																																			
																																			
																																			
																																			
																																			
																																			
																																			
																																			
																																			
																																			
																																			
																																			
																																			
																																			
																																			
																																			
																																			
																																			
																																			
																																			
																																			
																																			
																																			
																																			
																																			
																																			
																																			
																																			
																																			
																																			
																																			
																																			
																																			
																																			
																																			
																																			
																																			
																																			
																																			
																																			
																																			
																																			
																																			
																																			
																																			
																																			
																																			
																																			
																																			
																																			
																																			
																																			
																																			
																																			
																																			
																																			
																																			
																																			
																																			
																																			
																																			
																																			
																																			
																																			
																																			
																																			
																																			
																																			
																																			
																																			
																																			
																																			
																																			
																																			
																																			
																																			
																																			
																																			
																																			
																																			
																																			
																																			
																																			
																																			
																																			
																																			
																																			
																																			
																																			
																																			
																																			
																																			
																																			
																																			
																																			
																																			
																																			
																																			
																																			
																																			
																																			
																																			
																																			
																																			
																																			
																																			
																																			
																																			
																																			
																																			
																																			
																																			
																																			
																																			
																																			
																																			
																																			
																																			
																																			
																																			
																																			
																																			
																																			
																																			
																																			
																																			
																																			
																																			
																																			
																																			
																																			
																																			
																																			
																																			
																																			
																																			
																																			
																																			
																																			
																																			
																																			
																																			
																																			
																																			
																																			
																																			
																																			
																																			
																																			
																																			
																																			
																																			
																																			
																																			
																																			
																																			
																																			
																																			
																																			
																																			
																																			
																																			
																																			
																																			
																																			
																																			
																																			
																																			
																																			
																																			
																																			
																																			
																																			
																																			
																																			
																																			
																																			
																																			
																																			
																																			
																																			
749	铁枪	2	0	6	97	0	0	0		2	2	1	4	2	2	41	4	2	2	59	1	0	0	0		0	0	0		1	1	0	4	10	180
750	点钢枪	2	0	6	98	0	0	0		2	2	1	4	2	2	41	4	2	2	59	2	0	0	0		0	0	0		1	1	0	4	10	180
751	六棱枪	2	0	6	99	0	0	0		2	2	2	4	2	2	42	4	2	2	27	1	2	2	59	3	0	0	0		1	2	0	4	10	180
752	钩镰枪	2	0	6	100	0	0	0		2	2	2	4	2	2	42	4	2	2	27	1	2	2	59	4	0	0	0		1	2	0	4	10	180
753	追魂枪	2	0	6	101	0	0	0		2	8	5	4	2	2	43	4	2	2	27	1	2	2	60	1	0	0	0		1	3	0	6	10	180
754	透骨枪	2	0	6	102	0	0	0		2	2	4	4	2	2	44	4	2	2	57	1	2	2	60	2	0	0	0		1	4	0	6	10	180
755	赤月枪	2	0	6	103	0	0	0		2	2	4	4	2	2	44	4	2	2	57	1	2	2	60	3	0	0	0		1	4	0	8	10	180
756	银蛇枪	2	0	6	104	0	0	0		2	2	5	5	2	2	45	5	2	2	57	1	2	2	60	5	0	0	0		1	5	0	8	10	180
757	火尖枪	2	0	6	105	0	0	0		2	2	6	5	2	2	9	5	2	2	57	1	2	2	61	2	0	0	0		1	5	0	8	10	180
758	丈八蛇矛	2	0	6	106	0	0	0		2	2	36	5	2	2	10	5	2	2	58	1	2	2	61	3	0	0	0		1	6	0	8	10	180
759	破天戟	2	0	6	107	0	0	0		2	2	37	6	2	2	11	6	2	2	58	1	2	2	61	4	0	0	0		1	7	0	8	10	180
760	竹木弓	4	0	4	108	0	0	0		2	2	1	4	2	2	41	4	2	2	59	1	0	0	0		0	0	0		1	1	0	4	19	180
761	青藤弓	4	0	4	109	0	0	0		2	2	1	4	2	2	41	4	2	2	59	2	0	0	0		0	0	0		1	1	0	4	19	180
762	精铁弓	4	0	4	110	0	0	0		2	2	2	4	2	2	42	4	2	2	27	1	2	2	59	3	0	0	0		1	2	0	4	19	180
763	落雁弓	4	0	4	111	0	0	0		2	2	2	4	2	2	42	4	2	2	27	1	2	2	59	4	0	0	0		1	2	0	4	19	180
764	穿心弓	4	0	4	112	0	0	0		2	8	5	4	2	2	43	4	2	2	27	1	2	2	60	1	0	0	0		1	3	0	6	19	180
765	逐月弓	4	0	4	113	0	0	0		2	2	4	4	2	2	44	4	2	2	57	1	2	2	60	2	0	0	0		1	4	0	6	19	180
766	灭焰弓	4	0	4	114	0	0	0		2	2	4	4	2	2	44	4	2	2	57	1	2	2	60	3	0	0	0		1	4	0	8	19	180
767	紫金	4	0	4	115	0	0	0		2	2	5	5	2	2	45	5	2	2	57	1	2	2	60	5	0	0	0		1	5	0	8	19	180
768	神力	4	0	4	116	0	0	0		2	2	6	5	2	2	9	5	2	2	57	1	2	2	61	2	0	0	0		1	5	0	8	19	180
769	蚩牙	4	0	4	117	0	0	0		2	2	36	5	2	2	10	5	2	2	58	1	2	2	61	3	0	0	0		1	6	0	8	19	180
770	龙口	4	0	4	118	0	0	0		2	2	37	6	2	2	11	6	2	2	58	1	2	2	61	4	0	0	0		1	7	0	8	19	180
771	黑铁爪	4	0	11	1	0	0	0		2	2	1	4	2	2	41	4	2	2	59	1	0	0	0		0	0	0		1	1	0	4	20	180
772	精钢爪	4	0	11	2	0	0	0		2	2	1	4	2	2	41	4	2	2	59	2	0	0	0		0	0	0		1	1	0	4	20	180
773	机关爪	4	0	11	3	0	0	0		2	2	2	4	2	2	42	4	2	2	27	1	2	2	59	3	0	0	0		1	2	0	4	20	180
774	飞璜爪	4	0	11	4	0	0	0		2	2	2	4	2	2	42	4	2	2	27	1	2	2	59	4	0	0	0		1	2	0	4	20	180
775	暗刺	4	0	11	5	0	0	0		2	8	5	4	2	2	43	4	2	2	27	1	2	2	60	1	0	0	0		1	3	0	6	20	180
776	狼牙	4	0	11	6	0	0	0		2	2	4	4	2	2	44	4	2	2	57	1	2	2	60	2	0	0	0		1	4	0	6	20	180
777	怒焰	4	0	11	7	0	0	0		2	2	4	4	2	2	44	4	2	2	57	1	2	2	60	3	0	0	0		1	4	0	8	20	180
778	万劫	4	0	11	8	0	0	0		2	2	5	5	2	2	45	5	2	2	57	1	2	2	60	5	0	0	0		1	5	0	8	20	180
779	阳筠	4	0	11	9	0	0	0		2	2	6	5	2	2	9	5	2	2	57	1	2	2	61	2	0	0	0		1	5	0	8	20	180
780	凝霜	4	0	11	10	0	0	0		2	2	36	5	2	2	10	5	2	2	58	1	2	2	61	3	0	0	0		1	6	0	8	20	180
781	五尊	4	0	11	11	0	0	0		2	2	37	6	2	2	11	6	2	2	58	1	2	2	61	4	0	0	0		1	7	0	8	20	180
782	柳叶双刀	3	0	7	1	0	0	0		2	2	1	4	2	2	41	4	2	2	59	1	0	0	0		0	0	0		1	1	0	4	21	180
783	月牙刺	3	0	7	2	0	0	0		2	2	1	4	2	2	41	4	2	2	59	2	0	0	0		0	0	0		1	1	0	4	21	180
784	对飞刺	3	0	7	3	0	0	0		2	2	2	4	2	2	42	4	2	2	27	1	2	2	59	3	0	0	0		1	2	0	4	21	180
785	红印刀	3	0	7	4	0	0	0		2	2	2	4	2	2	42	4	2	2	27	1	2	2	59	4	0	0	0		1	2	0	4	21	180
786	蝙蝠刃	3	0	7	5	0	0	0		2	8	5	4	2	2	43	4	2	2	27	1	2	2	60	1	0	0	0		1	3	0	6	21	180
787	怒红	3	0	7	6	0	0	0		2	2	4	4	2	2	44	4	2	2	57	1	2	2	60	2	0	0	0		1	4	0	6	21	180
788	豹花	3	0	7	7	0	0	0		2	2	4	4	2	2	44	4	2	2	57	1	2	2	60	3	0	0	0		1	4	0	8	21	180
789	鸳鸯连环	3	0	7	8	0	0	0		2	2	5	5	2	2	45	5	2	2	57	1	2	2	60	5	0	0	0		1	5	0	8	21	180
790	血连环	3	0	7	9	0	0	0		2	2	6	5	2	2	9	5	2	2	57	1	2	2	61	2	0	0	0		1	5	0	8	21	180
791	淬月	3	0	7	10	0	0	0		2	2	36	5	2	2	10	5	2	2	58	1	2	2	61	3	0	0	0		1	6	0	8	21	180
792	断肠	3	0	7	11	0	0	0		2	2	37	6	2	2	11	6	2	2	58	1	2	2	61	4	0	0	0		1	7	0	8	21	180
793	未开锋的万仞	3	2	1	375	0	0	0		2	2	66	5	2	2	67	5	2	2	68	5	2	2	69	5	0	0	0		1	8	0	10	6	360
794	未开锋的火精	3	2	1	376	0	0	0		2	2	66	5	2	2	67	5	2	2	68	5	2	2	69	5	0	0	0		1	8	0	10	4	360
795	未开锋的烈焰	2	2	1	377	0	0	0		2	2	66	5	2	2	67	5	2	2	68	5	2	2	69	5	0	0	0		1	8	0	10	11	360
796	未开锋的漫天花雨	4	2	1	378	0	0	0		2	2	66	5	2	2	67	5	2	2	68	5	2	2	69	5	0	0	0		1	8	0	10	16	360
797	未开锋的古碇	3	2	1	379	0	0	0		2	2	66	5	2	2	67	5	2	2	68	5	2	2	69	5	0	0	0		1	8	0	10	5	360
798	未开锋的希仁之拥	4	2	1	380	0	0	0		2	2	66	5	2	2	67	5	2	2	68	5	2	2	69	5	0	0	0		1	8	0	10	17	360
799	未开锋的神行	4	2	1	381	0	0	0		2	2	66	5	2	2	67	5	2	2	68	5	2	2	69	5	0	0	0		1	8	0	10	18	360
800	未开锋的阿罗汉杖	2	2	1	382	0	0	0		2	2	66	5	2	2	67	5	2	2	68	5	2	2	69	5	0	0	0		1	8	0	10	12	360
801	未开锋的大豪雷枪	2	2	1	383	0	0	0		2	2	66	5	2	2	67	5	2	2	68	5	2	2	69	5	0	0	0		1	8	0	10	10	360
802	未开锋的枉矢	4	2	1	384	0	0	0		2	2	66	5	2	2	67	5	2	2	68	5	2	2	69	5	0	0	0		1	8	0	10	19	360
803	未开锋的猛虎	4	2	1	385	0	0	0		2	2	66	5	2	2	67	5	2	2	68	5	2	2	69	5	0	0	0		1	8	0	10	20	360
804	未开锋的凌风	3	2	1	386	0	0	0		2	2	66	5	2	2	67	5	2	2	68	5	2	2	69	5	0	0	0		1	8	0	10	21	360
805	黑钨精石	6	2	2	66	0	0	0		2	2	37	20	2	8	7	1	0	0	0	0	0	0	0	0	0	0	0		1	8	0	30	26	360
806	铁线精木	7	2	2	67	0	0	0		2	2	11	20	2	10	2	1	0	0	0	0	0	0	0	0	0	0	0		1	8	0	30	26	360
807	山狮精皮	5	2	2	68	0	0	0		2	2	47	20	2	9	7	1	0	0	0	0	0	0	0	0	0	0	0		1	8	0	30	26	360
808	赤钨灵符	8	2	2	69	0	0	0		2	9	4	20	2	2	14	1	0	0	0	0	0	0	0	0	0	0	0		1	8	0	30	26	360
809	行者服	5	0	100	201	0	0	0		2	2	53	20	2	2	46	20	2	2	64	25	0	0	0	0	0	0	0		1	4	0	0	22	180
810	行者服	5	0	100	202	0	0	0		2	2	53	20	2	2	46	20	2	2	64	25	0	0	0	0	0	0	0		1	4	0	2	23	180
811	混元服	5	0	100	211	0	0	0		2	2	54	40	2	2	20	40	2	2	467	3	0	0	0	0	0	0	0		1	5	0	0	22	180
812	混元服	5	0	100	212	0	0	0		2	2	54	40	2	2	20	40	2	2	467	3	0	0	0	0	0	0	0		1	5	0	2	23	180
813	伏魔金刚之战意铠甲	5	0	100	221	0	0	0		2	9	4	40	2	2	47	40	2	2	467	15	2	2	468	12	0	0	0		1	7	0	0	22	180
814	伏魔金刚之战意铠甲	5	0	100	222	0	0	0		2	9	4	40	2	2	47	40	2	2	467	15	2	2	468	12	0	0	0		1	7	0	2	23	180
815	苦行袍	5	0	100	301	0	0	0		2	2	53	20	2	2	46	20	2	2	64	25	0	0	0	0	0	0	0		1	4	0	0	22	180
816	苦行袍	5	0	100	302	0	0	0		2	2	53	20	2	2	46	20	2	2	64	25	0	0	0	0	0	0	0		1	4	0	2	23	180
817	禅修袍	5	0	100	311	0	0	0		2	2	54	40	2	2	20	40	2	2	467	3	0	0	0	0	0	0	0		1	5	0	0	22	180
818	禅修袍	5	0	100	312	0	0	0		2	2	54	40	2	2	20	40	2	2	467	3	0	0	0	0	0	0	0		1	5	0	2	23	180
819	传经法师之禅静袍	5	0	100	321	0	0	0		2	9	4	40	2	2	47	40	2	2	467	15	2	2	468	12	0	0	0		1	7	0	0	22	180
820	传经法师之禅静袍	5	0	100	322	0	0	0		2	9	4	40	2	2	47	40	2	2	467	15	2	2	468	12	0	0	0		1	7	0	2	23	180
821	沙弥服	5	0	100	401	0	0	0		2	2	53	20	2	2	46	20	2	2	64	25	0	0	0	0	0	0	0		1	4	0	0	22	180
822	沙弥服	5	0	100	402	0	0	0		2	2	53	20	2	2	46	20	2	2	64	25	0	0	0	0	0	0	0		1	4	0	2	23	180
823	斗僧服	5	0	100	411	0	0	0		2	2	54	40	2	2	20	40	2	2	467	3	0	0	0	0	0	0	0		1	5	0	0	22	180
824	斗僧服	5	0	100	412	0	0	0		2	2	54	40	2	2	20	40	2	2	467	3	0	0	0	0	0	0	0		1	5	0	2	23	180
825	护法罗汉之斗气战衣	5	0	100	421	0	0	0		2	9	4	40	2	2	47	40	2	2	467	15	2	2	468	12	0	0	0		1	7	0	0	22	180
826	护法罗汉之斗气战衣	5	0	100	422	0	0	0		2	9	4	40	2	2	47	40	2	2	467	15	2	2	468	12	0	0	0		1	7	0	2	23	180
827	庄客服	5	0	100	601	0	0	0		2	2	53	20	2	2	46	20	2	2	64	25	0	0	0	0	0	0	0		1	4	0	0	22	180
828	庄客服	5	0	100	602	0	0	0		2	2	53	20	2	2	46	20	2	2	64	25	0	0	0	0	0	0	0		1	4	0	2	23	180
829	庄客服	5	0	100	603	0	0	0		2	2	53	20	2	2	46	20	2	2	64	25	0	0	0	0	0	0	0		1	4	0	2	24	180
830	庄客服	5	0	100	604	0	0	0		2	2	53	20	2	2	46	20	2	2	64	25	0	0	0	0	0	0	0		1	4	0	2	25	180
831	护卫服	5	0	100	611	0	0	0		2	2	54	40	2	2	20	40	2	2	467	3	0	0	0	0	0	0	0		1	4	0	0	22	180
832	护卫服	5	0	100	612	0	0	0		2	2	54	40	2	2	20	40	2	2	467	3	0	0	0	0	0	0	0		1	4	0	2	23	180
833	护卫服	5	0	100	613	0	0	0		2	2	54	40	2	2	20	40	2	2	467	3	0	0	0	0	0	0	0		1	4	0	2	24	180
834	护卫服	5	0	100	614	0	0	0		2	2	54	40	2	2	20	40	2	2	467	3	0	0	0	0	0	0	0		1	4	0	2	25	180
835	秘毒刺客之隐秘服	5	0	100	621	0	0	0		2	9	4	40	2	2	47	40	2	2	467	15	2	2	468	12	0	0	0		1	4	0	0	22	180
836	秘毒刺客之隐秘服	5	0	100	622	0	0	0		2	9	4	40	2	2	47	40	2	2	467	15	2	2	468	12	0	0	0		1	4	0	2	23	180
837	秘毒刺客之隐秘服	5	0	100	623	0	0	0		2	9	4	40	2	2	47	40	2	2	467	15	2	2	468	12	0	0	0		1	4	0	2	24	180
838	秘毒刺客之隐秘服	5	0	100	624	0	0	0		2	9	4	40	2	2	47	40	2	2	467	15	2	2	468	12	0	0	0		1	4	0	2	25	180
839	清心素衣	5	0	100	801	0	0	0		2	2	53	20	2	2	46	20	2	2	64	25	0	0	0	0	0	0	0		1	4	0	2	24	180
840	清心素衣	5	0	100	802	0	0	0		2	2	53	20	2	2	46	20	2	2	64	25	0	0	0	0	0	0	0		1	4	0	2	25	180
841	彩羽素衣	5	0	100	811	0	0	0		2	2	54	40	2	2	20	40	2	2	467	3	0	0	0	0	0	0	0		1	5	0	2	24	180
842	彩羽素衣	5	0	100	812	0	0	0		2	2	54	40	2	2	20	40	2	2	467	3	0	0	0	0	0	0	0		1	5	0	2	25	180
843	紫竹使之法云衣	5	0	100	821	0	0	0		2	9	4	40	2	2	47	40	2	2	467	15	2	2	468	12	0	0	0		1	7	0	2	24	180
844	紫竹使之法云衣	5	0	100	822	0	0	0		2	9	4	40	2	2	47	40	2	2	467	15	2	2	468	12	0	0	0		1	7	0	2	25	180
845	思曲素衣	5	0	100	901	0	0	0		2	2	53	20	2	2	46	20	2	2	64	25	0	0	0	0	0	0	0		1	4	0	2	24	180
846	思曲素衣	5	0	100	902	0	0	0		2	2	53	20	2	2	46	20	2	2	64	25	0	0	0	0	0	0	0		1	4	0	2	25	180
847	梵音素衣	5	0	100	911	0	0	0		2	2	54	40	2	2	20	40	2	2	467	3	0	0	0	0	0	0	0		1	5	0	2	24	180
848	梵音素衣	5	0	100	912	0	0	0		2	2	54	40	2	2	20	40	2	2	467	3	0	0	0	0	0	0	0		1	5	0	2	25	180
849	海月使之法音衣	5	0	100	921	0	0	0		2	9	4	40	2	2	47	40	2	2	467	15	2	2	468	12	0	0	0		1	7	0	2	24	180
850	海月使之法音衣	5	0	100	922	0	0	0		2	9	4	40	2	2	47	40	2	2	467	15	2	2	468	12	0	0	0		1	7	0	2	25	180
851	执钵裳	5	0	100	1101	0	0	0		2	2	53	20	2	2	46	20	2	2	64	25	0	0	0	0	0	0	0		1	4	0	0	22	180
852	执钵裳	5	0	100	1102	0	0	0		2	2	53	20	2	2	46	20	2	2	64	25	0	0	0	0	0	0	0		1	4	0	2	23	180
853	执钵裳	5	0	100	1103	0	0	0		2	2	53	20	2	2	46	20	2	2	64	25	0	0	0	0	0	0	0		1	4	0	2	24	180
854	执钵裳	5	0	100	1104	0	0	0		2	2	53	20	2	2	46	20	2	2	64	25	0	0	0	0	0	0	0		1	4	0	2	25	180
855	除奸裳	5	0	100	1111	0	0	0		2	2	54	40	2	2	20	40	2	2	467	3	0	0	0	0	0	0	0		1	4	0	0	22	180
856	除奸裳	5	0	100	1112	0	0	0		2	2	54	40	2	2	20	40	2	2	467	3	0	0	0	0	0	0	0		1	4	0	2	23	180
857	除奸裳	5	0	100	1113	0	0	0		2	2	54	40	2	2	20	40	2	2	467	3	0	0	0	0	0	0	0		1	4	0	2	24	180
858	除奸裳	5	0	100	1114	0	0	0		2	2	54	40	2	2	20	40	2	2	467	3	0	0	0	0	0	0	0		1	4	0	2	25	180
859	四海侠之豪气服	5	0	100	1121	0	0	0		2	9	4	40	2	2	47	40	2	2	467	15	2	2	468	12	0	0	0		1	4	0	0	22	180
860	四海侠之豪气服	5	0	100	1122	0	0	0		2	9	4	40	2	2	47	40	2	2	467	15	2	2	468	12	0	0	0		1	4	0	2	23	180
861	四海侠之豪气服	5	0	100	1123	0	0	0		2	9	4	40	2	2	47	40	2	2	467	15	2	2	468	12	0	0	0		1	4	0	2	24	180
862	四海侠之豪气服	5	0	100	1124	0	0	0		2	9	4	40	2	2	47	40	2	2	467	15	2	2	468	12	0	0	0		1	4	0	2	25	180
863	叫花衣	5	0	100	1201	0	0	0		2	2	53	20	2	2	46	20	2	2	64	25	0	0	0	0	0	0	0		1	4	0	0	22	180
864	叫花衣	5	0	100	1202	0	0	0		2	2	53	20	2	2	46	20	2	2	64	25	0	0	0	0	0	0	0		1	4	0	2	23	180
865	叫花衣	5	0	100	1203	0	0	0		2	2	53	20	2	2	46	20	2	2	64	25	0	0	0	0	0	0	0		1	4	0	2	24	180
866	叫花衣	5	0	100	1204	0	0	0		2	2	53	20	2	2	46	20	2	2	64	25	0	0	0	0	0	0	0		1	4	0	2	25	180
867	惩恶裳	5	0	100	1211	0	0	0		2	2	54	40	2	2	20	40	2	2	467	3	0	0	0	0	0	0	0		1	4	0	0	22	180
868	惩恶裳	5	0	100	1212	0	0	0		2	2	54	40	2	2	20	40	2	2	467	3	0	0	0	0	0	0	0		1	4	0	2	23	180
869	惩恶裳	5	0	100	1213	0	0	0		2	2	54	40	2	2	20	40	2	2	467	3	0	0	0	0	0	0	0		1	4	0	2	24	180
870	惩恶裳	5	0	100	1214	0	0	0		2	2	54	40	2	2	20	40	2	2	467	3	0	0	0	0	0	0	0		1	4	0	2	25	180
871	八袋弟子之聚义裳	5	0	100	1221	0	0	0		2	9	4	40	2	2	47	40	2	2	467	15	2	2	468	12	0	0	0		1	4	0	0	22	180
872	八袋弟子之聚义裳	5	0	100	1222	0	0	0		2	9	4	40	2	2	47	40	2	2	467	15	2	2	468	12	0	0	0		1	4	0	2	23	180
873	八袋弟子之聚义裳	5	0	100	1223	0	0	0		2	9	4	40	2	2	47	40	2	2	467	15	2	2	468	12	0	0	0		1	4	0	2	24	180
874	八袋弟子之聚义裳	5	0	100	1224	0	0	0		2	9	4	40	2	2	47	40	2	2	467	15	2	2	468	12	0	0	0		1	4	0	2	25	180
875	清修袍	5	0	100	1401	0	0	0		2	2	53	20	2	2	46	20	2	2	64	25	0	0	0	0	0	0	0		1	4	0	0	22	180
876	清修袍	5	0	100	1402	0	0	0		2	2	53	20	2	2	46	20	2	2	64	25	0	0	0	0	0	0	0		1	4	0	2	23	180
877	清修袍	5	0	100	1403	0	0	0		2	2	53	20	2	2	46	20	2	2	64	25	0	0	0	0	0	0	0		1	4	0	2	24	180
878	清修袍	5	0	100	1404	0	0	0		2	2	53	20	2	2	46	20	2	2	64	25	0	0	0	0	0	0	0		1	4	0	2	25	180
879	入观法袍	5	0	100	1411	0	0	0		2	2	54	40	2	2	20	40	2	2	467	3	0	0	0	0	0	0	0		1	4	0	0	22	180
880	入观法袍	5	0	100	1412	0	0	0		2	2	54	40	2	2	20	40	2	2	467	3	0	0	0	0	0	0	0		1	4	0	2	23	180
881	入观法袍	5	0	100	1413	0	0	0		2	2	54	40	2	2	20	40	2	2	467	3	0	0	0	0	0	0	0		1	4	0	2	24	180
882	入观法袍	5	0	100	1414	0	0	0		2	2	54	40	2	2	20	40	2	2	467	3	0	0	0	0	0	0	0		1	4	0	2	25	180
883	无我道人之四象法袍	5	0	100	1421	0	0	0		2	9	4	40	2	2	47	40	2	2	467	15	2	2	468	12	0	0	0		1	4	0	0	22	180
884	无我道人之四象法袍	5	0	100	1422	0	0	0		2	9	4	40	2	2	47	40	2	2	467	15	2	2	468	12	0	0	0		1	4	0	2	23	180
885	无我道人之四象法袍	5	0	100	1423	0	0	0		2	9	4	40	2	2	47	40	2	2	467	15	2	2	468	12	0	0	0		1	4	0	2	24	180
886	无我道人之四象法袍	5	0	100	1424	0	0	0		2	9	4	40	2	2	47	40	2	2	467	15	2	2	468	12	0	0	0		1	4	0	2	25	180
887	清风袍	5	0	100	1501	0	0	0		2	2	53	20	2	2	46	20	2	2	64	25	0	0	0	0	0	0	0		1	4	0	0	22	180
888	清风袍	5	0	100	1502	0	0	0		2	2	53	20	2	2	46	20	2	2	64	25	0	0	0	0	0	0	0		1	4	0	2	23	180
889	清风袍	5	0	100	1503	0	0	0		2	2	53	20	2	2	46	20	2	2	64	25	0	0	0	0	0	0	0		1	4	0	2	24	180
890	清风袍	5	0	100	1504	0	0	0		2	2	53	20	2	2	46	20	2	2	64	25	0	0	0	0	0	0	0		1	4	0	2	25	180
891	少阳裳	5	0	100	1511	0	0	0		2	2	54	40	2	2	20	40	2	2	467	3	0	0	0	0	0	0	0		1	4	0	0	22	180
892	少阳裳	5	0	100	1512	0	0	0		2	2	54	40	2	2	20	40	2	2	467	3	0	0	0	0	0	0	0		1	4	0	2	23	180
893	少阳裳	5	0	100	1513	0	0	0		2	2	54	40	2	2	20	40	2	2	467	3	0	0	0	0	0	0	0		1	4	0	2	24	180
894	少阳裳	5	0	100	1514	0	0	0		2	2	54	40	2	2	20	40	2	2	467	3	0	0	0	0	0	0	0		1	4	0	2	25	180
895	闲云侠道之灵风裳	5	0	100	1521	0	0	0		2	9	4	40	2	2	47	40	2	2	467	15	2	2	468	12	0	0	0		1	4	0	0	22	180
896	闲云侠道之灵风裳	5	0	100	1522	0	0	0		2	9	4	40	2	2	47	40	2	2	467	15	2	2	468	12	0	0	0		1	4	0	2	23	180
897	闲云侠道之灵风裳	5	0	100	1523	0	0	0		2	9	4	40	2	2	47	40	2	2	467	15	2	2	468	12	0	0	0		1	4	0	2	24	180
898	闲云侠道之灵风裳	5	0	100	1524	0	0	0		2	9	4	40	2	2	47	40	2	2	467	15	2	2	468	12	0	0	0		1	4	0	2	25	180
899	轻骑甲	5	0	100	1701	0	0	0		2	2	53	20	2	2	46	20	2	2	64	25	0	0	0	0	0	0	0		1	4	0	0	22	180
900	轻骑甲	5	0	100	1702	0	0	0		2	2	53	20	2	2	46	20	2	2	64	25	0	0	0	0	0	0	0		1	4	0	2	23	180
901	轻骑甲	5	0	100	1703	0	0	0		2	2	53	20	2	2	46	20	2	2	64	25	0	0	0	0	0	0	0		1	4	0	2	24	180
902	轻骑甲	5	0	100	1704	0	0	0		2	2	53	20	2	2	46	20	2	2	64	25	0	0	0	0	0	0	0		1	4	0	2	25	180
903	校尉铁甲	5	0	100	1711	0	0	0		2	2	54	40	2	2	20	40	2	2	467	3	0	0	0	0	0	0	0		1	4	0	0	22	180
904	校尉铁甲	5	0	100	1712	0	0	0		2	2	54	40	2	2	20	40	2	2	467	3	0	0	0	0	0	0	0		1	4	0	2	23	180
905	校尉铁甲	5	0	100	1713	0	0	0		2	2	54	40	2	2	20	40	2	2	467	3	0	0	0	0	0	0	0		1	4	0	2	24	180
906	校尉铁甲	5	0	100	1714	0	0	0		2	2	54	40	2	2	20	40	2	2	467	3	0	0	0	0	0	0	0		1	4	0	2	25	180
907	奋武将军之精甲铠	5	0	100	1721	0	0	0		2	9	4	40	2	2	47	40	2	2	467	15	2	2	468	12	0	0	0		1	4	0	0	22	180
908	奋武将军之精甲铠	5	0	100	1722	0	0	0		2	9	4	40	2	2	47	40	2	2	467	15	2	2	468	12	0	0	0		1	4	0	2	23	180
909	奋武将军之精甲铠	5	0	100	1723	0	0	0		2	9	4	40	2	2	47	40	2	2	467	15	2	2	468	12	0	0	0		1	4	0	2	24	180
910	奋武将军之精甲铠	5	0	100	1724	0	0	0		2	9	4	40	2	2	47	40	2	2	467	15	2	2	468	12	0	0	0		1	4	0	2	25	180
911	弩手甲	5	0	100	1801	0	0	0		2	2	53	20	2	2	46	20	2	2	64	25	0	0	0	0	0	0	0		1	4	0	0	22	180
912	弩手甲	5	0	100	1802	0	0	0		2	2	53	20	2	2	46	20	2	2	64	25	0	0	0	0	0	0	0		1	4	0	2	23	180
913	弩手甲	5	0	100	1803	0	0	0		2	2	53	20	2	2	46	20	2	2	64	25	0	0	0	0	0	0	0		1	4	0	2	24	180
914	弩手甲	5	0	100	1804	0	0	0		2	2	53	20	2	2	46	20	2	2	64	25	0	0	0	0	0	0	0		1	4	0	2	25	180
915	都尉铁甲	5	0	100	1811	0	0	0		2	2	54	40	2	2	20	40	2	2	467	3	0	0	0	0	0	0	0		1	4	0	0	22	180
916	都尉铁甲	5	0	100	1812	0	0	0		2	2	54	40	2	2	20	40	2	2	467	3	0	0	0	0	0	0	0		1	4	0	2	23	180
917	都尉铁甲	5	0	100	1813	0	0	0		2	2	54	40	2	2	20	40	2	2	467	3	0	0	0	0	0	0	0		1	4	0	2	24	180
918	都尉铁甲	5	0	100	1814	0	0	0		2	2	54	40	2	2	20	40	2	2	467	3	0	0	0	0	0	0	0		1	4	0	2	25	180
919	奋威将军之精甲铠	5	0	100	1821	0	0	0		2	9	4	40	2	2	47	40	2	2	467	15	2	2	468	12	0	0	0		1	4	0	0	22	180
920	奋威将军之精甲铠	5	0	100	1822	0	0	0		2	9	4	40	2	2	47	40	2	2	467	15	2	2	468	12	0	0	0		1	4	0	2	23	180
921	奋威将军之精甲铠	5	0	100	1823	0	0	0		2	9	4	40	2	2	47	40	2	2	467	15	2	2	468	12	0	0	0		1	4	0	2	24	180
922	奋威将军之精甲铠	5	0	100	1824	0	0	0		2	9	4	40	2	2	47	40	2	2	467	15	2	2	468	12	0	0	0		1	4	0	2	25	180
923	夺魄衣	5	0	100	2001	0	0	0		2	2	53	20	2	2	46	20	2	2	64	25	0	0	0	0	0	0	0		1	4	0	0	22	180
924	夺魄衣	5	0	100	2002	0	0	0		2	2	53	20	2	2	46	20	2	2	64	25	0	0	0	0	0	0	0		1	4	0	2	23	180
925	夺魄衣	5	0	100	2003	0	0	0		2	2	53	20	2	2	46	20	2	2	64	25	0	0	0	0	0	0	0		1	4	0	2	24	180
926	夺魄衣	5	0	100	2004	0	0	0		2	2	53	20	2	2	46	20	2	2	64	25	0	0	0	0	0	0	0		1	4	0	2	25	180
927	催命衣	5	0	100	2011	0	0	0		2	2	54	40	2	2	20	40	2	2	467	3	0	0	0	0	0	0	0		1	4	0	0	22	180
928	催命衣	5	0	100	2012	0	0	0		2	2	54	40	2	2	20	40	2	2	467	3	0	0	0	0	0	0	0		1	4	0	2	23	180
929	催命衣	5	0	100	2013	0	0	0		2	2	54	40	2	2	20	40	2	2	467	3	0	0	0	0	0	0	0		1	4	0	2	24	180
930	催命衣	5	0	100	2014	0	0	0		2	2	54	40	2	2	20	40	2	2	467	3	0	0	0	0	0	0	0		1	4	0	2	25	180
931	黑无常之猛毒衣	5	0	100	2021	0	0	0		2	9	4	40	2	2	47	40	2	2	467	15	2	2	468	12	0	0	0		1	4	0	0	22	180
932	黑无常之猛毒衣	5	0	100	2022	0	0	0		2	9	4	40	2	2	47	40	2	2	467	15	2	2	468	12	0	0	0		1	4	0	2	23	180
933	黑无常之猛毒衣	5	0	100	2023	0	0	0		2	9	4	40	2	2	47	40	2	2	467	15	2	2	468	12	0	0	0		1	4	0	2	24	180
934	黑无常之猛毒衣	5	0	100	2024	0	0	0		2	9	4	40	2	2	47	40	2	2	467	15	2	2	468	12	0	0	0		1	4	0	2	25	180
935	毒蚕衣	5	0	100	2101	0	0	0		2	2	53	20	2	2	46	20	2	2	64	25	0	0	0	0	0	0	0		1	4	0	0	22	180
936	毒蚕衣	5	0	100	2102	0	0	0		2	2	53	20	2	2	46	20	2	2	64	25	0	0	0	0	0	0	0		1	4	0	2	23	180
937	毒蚕衣	5	0	100	2103	0	0	0		2	2	53	20	2	2	46	20	2	2	64	25	0	0	0	0	0	0	0		1	4	0	2	24	180
938	毒蚕衣	5	0	100	2104	0	0	0		2	2	53	20	2	2	46	20	2	2	64	25	0	0	0	0	0	0	0		1	4	0	2	25	180
939	蚀心衣	5	0	100	2111	0	0	0		2	2	54	40	2	2	20	40	2	2	467	3	0	0	0	0	0	0	0		1	4	0	0	22	180
940	蚀心衣	5	0	100	2112	0	0	0		2	2	54	40	2	2	20	40	2	2	467	3	0	0	0	0	0	0	0		1	4	0	2	23	180
941	蚀心衣	5	0	100	2113	0	0	0		2	2	54	40	2	2	20	40	2	2	467	3	0	0	0	0	0	0	0		1	4	0	2	24	180
942	蚀心衣	5	0	100	2114	0	0	0		2	2	54	40	2	2	20	40	2	2	467	3	0	0	0	0	0	0	0		1	4	0	2	25	180
943	白无常之诡毒衣	5	0	100	2121	0	0	0		2	9	4	40	2	2	47	40	2	2	467	15	2	2	468	12	0	0	0		1	4	0	0	22	180
944	白无常之诡毒衣	5	0	100	2122	0	0	0		2	9	4	40	2	2	47	40	2	2	467	15	2	2	468	12	0	0	0		1	4	0	2	23	180
945	白无常之诡毒衣	5	0	100	2123	0	0	0		2	9	4	40	2	2	47	40	2	2	467	15	2	2	468	12	0	0	0		1	4	0	2	24	180
946	白无常之诡毒衣	5	0	100	2124	0	0	0		2	9	4	40	2	2	47	40	2	2	467	15	2	2	468	12	0	0	0		1	4	0	2	25	180
947	武当土地符	8	1	5	8	0	0	0		2	2	65	1	2	1	908	1	0	0	0		0	0	0		0	0	0		0	1	0	2	42	54
948	丐帮土地符	8	1	5	9	0	0	0		2	2	65	1	2	1	909	1	0	0	0		0	0	0		0	0	0		0	1	0	2	42	54
949	少林土地符	8	1	5	10	0	0	0		2	2	65	1	2	1	910	1	0	0	0		0	0	0		0	0	0		0	1	0	2	42	54
950	峨嵋土地符	8	1	5	11	0	0	0		2	2	65	1	2	1	911	1	0	0	0		0	0	0		0	0	0		0	1	0	2	42	54
951	聚灵符纸	8	2	1	912	0	0	0		2	2	65	10	0	0	0		0	0	0		0	0	0		0	0	0		0	1	0	1	42	54
952	唐门土地符	8	1	5	12	0	0	0		2	2	65	1	2	1	913	1	0	0	0		0	0	0		0	0	0		0	1	0	2	42	54
953	五毒土地符	8	1	5	13	0	0	0		2	2	65	1	2	1	914	1	0	0	0		0	0	0		0	0	0		0	1	0	2	42	54
954	天波杨府土地符	8	1	5	14	0	0	0		2	2	65	1	2	1	915	1	0	0	0		0	0	0		0	0	0		0	1	0	2	42	54
955	伏魔金刚之战意刀(标准)	3	0	3	221	0	0	0		2	2	11	40	2	2	37	40	2	2	61	100	2	1	1086	10	0	0	0		1	8	0	10	5	360
956	伏魔金刚之战意刀(魁梧)	3	0	3	222	0	0	0		2	2	11	40	2	2	37	40	2	2	61	100	2	1	1086	10	0	0	0		1	8	0	10	5	360
957	伏魔金刚之战意棍(标准)	2	0	5	221	0	0	0		2	2	11	40	2	2	37	40	2	2	61	100	2	1	1086	10	0	0	0		1	8	0	10	11	360
958	伏魔金刚之战意棍(魁梧)	2	0	5	222	0	0	0		2	2	11	40	2	2	37	40	2	2	61	100	2	1	1086	10	0	0	0		1	8	0	10	11	360
959	传经法师之禅静杖(标准)	2	0	8	321	0	0	0		2	2	11	40	2	2	37	40	2	2	61	100	2	1	1086	10	0	0	0		1	8	0	10	12	360
960	传经法师之禅静杖(魁梧)	2	0	8	322	0	0	0		2	2	11	40	2	2	37	40	2	2	61	100	2	1	1086	10	0	0	0		1	8	0	10	12	360
961	护法罗汉之斗气手(标准)	3	0	0	421	0	0	0		2	2	11	40	2	2	37	40	2	2	61	100	2	1	1086	10	0	0	0		1	8	0	10	6	360
962	护法罗汉之斗气手(魁梧)	3	0	0	422	0	0	0		2	2	11	40	2	2	37	40	2	2	61	100	2	1	1086	10	0	0	0		1	8	0	10	6	360
963	秘毒刺客之隐秘针(标准)	4	0	1	621	0	0	0		2	2	11	40	2	2	37	40	2	2	61	100	2	1	1086	10	0	0	0		1	8	0	10	16	360
964	秘毒刺客之隐秘针(魁梧)	4	0	1	622	0	0	0		2	2	11	40	2	2	37	40	2	2	61	100	2	1	1086	10	0	0	0		1	8	0	10	16	360
965	秘毒刺客之隐秘针(性感)	4	0	1	623	0	0	0		2	2	11	40	2	2	37	40	2	2	61	100	2	1	1086	10	0	0	0		1	8	0	10	16	360
966	秘毒刺客之隐秘针(娇小)	4	0	1	624	0	0	0		2	2	11	40	2	2	37	40	2	2	61	100	2	1	1086	10	0	0	0		1	8	0	10	16	360
967	紫竹使之法云剑(性感)	3	0	2	821	0	0	0		2	2	11	40	2	2	37	40	2	2	61	100	2	1	1086	10	0	0	0		1	8	0	10	4	360
968	紫竹使之法云剑(娇小)	3	0	2	822	0	0	0		2	2	11	40	2	2	37	40	2	2	61	100	2	1	1086	10	0	0	0		1	8	0	10	4	360
969	海月使之法音琴(性感)	4	0	10	921	0	0	0		2	2	11	40	2	2	37	40	2	2	61	100	2	1	1086	10	0	0	0		1	8	0	10	17	360
970	海月使之法音琴(娇小)	4	0	10	922	0	0	0		2	2	11	40	2	2	37	40	2	2	61	100	2	1	1086	10	0	0	0		1	8	0	10	17	360
971	四海侠之豪气手(标准)	3	0	0	1121	0	0	0		2	2	11	40	2	2	37	40	2	2	61	100	2	1	1086	10	0	0	0		1	8	0	10	6	360
972	四海侠之豪气手(魁梧)	3	0	0	1122	0	0	0		2	2	11	40	2	2	37	40	2	2	61	100	2	1	1086	10	0	0	0		1	8	0	10	6	360
973	四海侠之豪气手(性感)	3	0	0	1123	0	0	0		2	2	11	40	2	2	37	40	2	2	61	100	2	1	1086	10	0	0	0		1	8	0	10	6	360
974	四海侠之豪气手(娇小)	3	0	0	1124	0	0	0		2	2	11	40	2	2	37	40	2	2	61	100	2	1	1086	10	0	0	0		1	8	0	10	6	360
975	八袋弟子之聚义棒(标准)	2	0	5	1221	0	0	0		2	2	11	40	2	2	37	40	2	2	61	100	2	1	1086	10	0	0	0		1	8	0	10	11	360
976	八袋弟子之聚义棒(魁梧)	2	0	5	1222	0	0	0		2	2	11	40	2	2	37	40	2	2	61	100	2	1	1086	10	0	0	0		1	8	0	10	11	360
977	八袋弟子之聚义棒(性感)	2	0	5	1223	0	0	0		2	2	11	40	2	2	37	40	2	2	61	100	2	1	1086	10	0	0	0		1	8	0	10	11	360
978	八袋弟子之聚义棒(娇小)	2	0	5	1224	0	0	0		2	2	11	40	2	2	37	40	2	2	61	100	2	1	1086	10	0	0	0		1	8	0	10	11	360
979	无我道人之四象法剑(标准)	3	0	2	1421	0	0	0		2	2	11	40	2	2	37	40	2	2	61	100	2	1	1086	10	0	0	0		1	8	0	10	4	360
980	无我道人之四象法剑(魁梧)	3	0	2	1422	0	0	0		2	2	11	40	2	2	37	40	2	2	61	100	2	1	1086	10	0	0	0		1	8	0	10	4	360
981	无我道人之四象法剑(性感)	3	0	2	1423	0	0	0		2	2	11	40	2	2	37	40	2	2	61	100	2	1	1086	10	0	0	0		1	8	0	10	4	360
982	无我道人之四象法剑(娇小)	3	0	2	1424	0	0	0		2	2	11	40	2	2	37	40	2	2	61	100	2	1	1086	10	0	0	0		1	8	0	10	4	360
983	闲云侠道之灵风刺(标准)	4	0	9	1521	0	0	0		2	2	11	40	2	2	37	40	2	2	61	100	2	1	1086	10	0	0	0		1	8	0	10	18	360
984	闲云侠道之灵风刺(魁梧)	4	0	9	1522	0	0	0		2	2	11	40	2	2	37	40	2	2	61	100	2	1	1086	10	0	0	0		1	8	0	10	18	360
985	闲云侠道之灵风刺(性感)	4	0	9	1523	0	0	0		2	2	11	40	2	2	37	40	2	2	61	100	2	1	1086	10	0	0	0		1	8	0	10	18	360
986	闲云侠道之灵风刺(娇小)	4	0	9	1524	0	0	0		2	2	11	40	2	2	37	40	2	2	61	100	2	1	1086	10	0	0	0		1	8	0	10	18	360
987	奋武将军之透甲枪(标准)	2	0	6	1721	0	0	0		2	2	11	40	2	2	37	40	2	2	61	100	2	1	1086	10	0	0	0		1	8	0	10	10	360
988	奋武将军之透甲枪(魁梧)	2	0	6	1722	0	0	0		2	2	11	40	2	2	37	40	2	2	61	100	2	1	1086	10	0	0	0		1	8	0	10	10	360
989	奋武将军之透甲枪(性感)	2	0	6	1723	0	0	0		2	2	11	40	2	2	37	40	2	2	61	100	2	1	1086	10	0	0	0		1	8	0	10	10	360
990	奋武将军之透甲枪(娇小)	2	0	6	1724	0	0	0		2	2	11	40	2	2	37	40	2	2	61	100	2	1	1086	10	0	0	0		1	8	0	10	10	360
991	奋威将军之穿甲弓(标准)	4	0	4	1821	0	0	0		2	2	11	40	2	2	37	40	2	2	61	100	2	1	1086	10	0	0	0		1	8	0	10	19	360
992	奋威将军之穿甲弓(魁梧)	4	0	4	1822	0	0	0		2	2	11	40	2	2	37	40	2	2	61	100	2	1	1086	10	0	0	0		1	8	0	10	19	360
993	奋威将军之穿甲弓(性感)	4	0	4	1823	0	0	0		2	2	11	40	2	2	37	40	2	2	61	100	2	1	1086	10	0	0	0		1	8	0	10	19	360
994	奋威将军之穿甲弓(娇小)	4	0	4	1824	0	0	0		2	2	11	40	2	2	37	40	2	2	61	100	2	1	1086	10	0	0	0		1	8	0	10	19	360
995	黑无常之猛毒刀(标准)	3	0	7	2021	0	0	0		2	2	11	40	2	2	37	40	2	2	61	100	2	1	1086	10	0	0	0		1	8	0	10	21	360
996	黑无常之猛毒刀(魁梧)	3	0	7	2022	0	0	0		2	2	11	40	2	2	37	40	2	2	61	100	2	1	1086	10	0	0	0		1	8	0	10	21	360
997	黑无常之猛毒刀(性感)	3	0	7	2023	0	0	0		2	2	11	40	2	2	37	40	2	2	61	100	2	1	1086	10	0	0	0		1	8	0	10	21	360
998	黑无常之猛毒刀(娇小)	3	0	7	2024	0	0	0		2	2	11	40	2	2	37	40	2	2	61	100	2	1	1086	10	0	0	0		1	8	0	10	21	360
999	白无常之诡毒爪(标准)	4	0	11	2121	0	0	0		2	2	11	40	2	2	37	40	2	2	61	100	2	1	1086	10	0	0	0		1	8	0	10	20	360
1000	白无常之诡毒爪(魁梧)	4	0	11	2122	0	0	0		2	2	11	40	2	2	37	40	2	2	61	100	2	1	1086	10	0	0	0		1	8	0	10	20	360
1001	白无常之诡毒爪(性感)	4	0	11	2123	0	0	0		2	2	11	40	2	2	37	40	2	2	61	100	2	1	1086	10	0	0	0		1	8	0	10	20	360
1002	白无常之诡毒爪(娇小)	4	0	11	2124	0	0	0		2	2	11	40	2	2	37	40	2	2	61	100	2	1	1086	10	0	0	0		1	8	0	10	20	360
1003	万仞	3	0	0	14	0	0	0		2	2	37	40	2	2	11	40	2	2	58	10	2	2	61	4	0	0	0		1	8	0	10	6	180
1004	火精	3	0	2	36	0	0	0		2	2	37	40	2	2	11	40	2	2	58	10	2	2	61	4	0	0	0		1	8	0	10	4	180
1005	烈焰	2	0	5	40	0	0	0		2	2	37	40	2	2	11	40	2	2	58	10	2	2	61	4	0	0	0		1	8	0	10	11	180
1006	漫天花雨	4	0	1	53	0	0	0		2	2	37	40	2	2	11	40	2	2	58	10	2	2	61	4	0	0	0		1	8	0	10	16	180
1007	古碇	3	0	3	64	0	0	0		2	2	37	40	2	2	11	40	2	2	58	10	2	2	61	4	0	0	0		1	8	0	10	5	180
1008	希仁之拥	4	0	10	75	0	0	0		2	2	37	40	2	2	11	40	2	2	58	10	2	2	61	4	0	0	0		1	8	0	10	17	180
1009	神行	4	0	9	86	0	0	0		2	2	37	40	2	2	11	40	2	2	58	10	2	2	61	4	0	0	0		1	8	0	10	18	180
1010	阿罗汉杖	2	0	8	97	0	0	0		2	2	37	40	2	2	11	40	2	2	58	10	2	2	61	4	0	0	0		1	8	0	10	12	180
1011	大豪雷枪	2	0	6	108	0	0	0		2	2	37	40	2	2	11	40	2	2	58	10	2	2	61	4	0	0	0		1	8	0	10	10	180
1012	枉矢	4	0	4	119	0	0	0		2	2	37	40	2	2	11	40	2	2	58	10	2	2	61	4	0	0	0		1	8	0	10	19	180
1013	猛虎	4	0	11	12	0	0	0		2	2	37	40	2	2	11	40	2	2	58	10	2	2	61	4	0	0	0		1	8	0	10	20	180
1014	凌风	3	0	7	12	0	0	0		2	2	37	40	2	2	11	40	2	2	58	10	2	2	61	4	0	0	0		1	8	0	10	21	180
1015	神龟	3	0	0	15	0	0	0		2	2	38	40	2	2	12	40	2	2	58	10	2	2	61	10	0	0	0		1	9	0	10	6	180
1016	阴阳印	3	0	0	16	0	0	0		2	2	39	40	2	2	13	40	2	2	58	10	2	2	61	20	0	0	0		1	10	0	10	6	180
1017	画影	3	0	2	37	0	0	0		2	2	38	40	2	2	12	40	2	2	58	10	2	2	61	10	0	0	0		1	9	0	10	4	180
1018	鸦九	3	0	2	38	0	0	0		2	2	39	40	2	2	13	40	2	2	58	10	2	2	61	20	0	0	0		1	10	0	10	4	180
1019	玉柱	2	0	5	41	0	0	0		2	2	38	40	2	2	12	40	2	2	58	10	2	2	61	10	0	0	0		1	9	0	10	11	180
1020	神针 	2	0	5	42	0	0	0		2	2	39	40	2	2	13	40	2	2	58	10	2	2	61	20	0	0	0		1	10	0	10	11	180
1021	夸父	4	0	1	54	0	0	0		2	2	38	40	2	2	12	40	2	2	58	10	2	2	61	10	0	0	0		1	9	0	10	16	180
1022	没羽	4	0	1	55	0	0	0		2	2	39	40	2	2	13	40	2	2	58	10	2	2	61	20	0	0	0		1	10	0	10	16	180
1023	漏景	3	0	3	65	0	0	0		2	2	38	40	2	2	12	40	2	2	58	10	2	2	61	10	0	0	0		1	9	0	10	5	180
1024	逆鳞	3	0	3	66	0	0	0		2	2	39	40	2	2	13	40	2	2	58	10	2	2	61	20	0	0	0		1	10	0	10	5	180
1025	大圣遗音	4	0	10	76	0	0	0		2	2	38	40	2	2	12	40	2	2	58	10	2	2	61	10	0	0	0		1	9	0	10	17	180
1026	枯木龙吟	4	0	10	77	0	0	0		2	2	39	40	2	2	13	40	2	2	58	10	2	2	61	20	0	0	0		1	10	0	10	17	180
1027	酸与	4	0	9	87	0	0	0		2	2	38	40	2	2	12	40	2	2	58	10	2	2	61	10	0	0	0		1	9	0	10	18	180
1028	太虚	4	0	9	88	0	0	0		2	2	39	40	2	2	13	40	2	2	58	10	2	2	61	20	0	0	0		1	10	0	10	18	180
1029	目犍连杖	2	0	8	98	0	0	0		2	2	38	40	2	2	12	40	2	2	58	10	2	2	61	10	0	0	0		1	9	0	10	12	180
1030	药师杖	2	0	8	99	0	0	0		2	2	39	40	2	2	13	40	2	2	58	10	2	2	61	20	0	0	0		1	10	0	10	12	180
1031	九龙钻戟	2	0	6	109	0	0	0		2	2	38	40	2	2	12	40	2	2	58	10	2	2	61	10	0	0	0		1	9	0	10	10	180
1032	枪奴	2	0	6	110	0	0	0		2	2	39	40	2	2	13	40	2	2	58	10	2	2	61	20	0	0	0		1	10	0	10	10	180
1033	猿啼	4	0	4	120	0	0	0		2	2	38	40	2	2	12	40	2	2	58	10	2	2	61	10	0	0	0		1	9	0	10	19	180
1034	不射之射	4	0	4	121	0	0	0		2	2	39	40	2	2	13	40	2	2	58	10	2	2	61	20	0	0	0		1	10	0	10	19	180
1035	无痕	4	0	11	13	0	0	0		2	2	38	40	2	2	12	40	2	2	58	10	2	2	61	10	0	0	0		1	9	0	10	20	180
1036	青龙	4	0	11	14	0	0	0		2	2	39	40	2	2	13	40	2	2	58	10	2	2	61	20	0	0	0		1	10	0	10	20	180
1037	碧水	3	0	7	13	0	0	0		2	2	38	40	2	2	12	40	2	2	58	10	2	2	61	10	0	0	0		1	9	0	10	21	180
1038	天尊	3	0	7	14	0	0	0		2	2	39	40	2	2	13	40	2	2	58	10	2	2	61	20	0	0	0		1	10	0	10	21	180
1039	五雷牌	8																								0	0	0		0	7	0	28	43	54
1040	神行甲马	8																																	
1041	钟馗令	8																																	
1042	五行盘	8																																	
1043	天龙八部符印	8																																	
1044	天王补心丹	6																																	
1045	百炼千劫丹	6																																	
1046	生死轮回散	6																																	
1047	太上仙丹	6																																	
1048	万灵珠	7																																	
1049	打糕	7																																	
1050	胡饼	7																																	
1051	龙象饭团	7																																	
1052	烤鸡翅膀	7																																	
1053	百战(外)	10	0	103	73	0	0	0		2	2	49	40	2	2	56	40	2	2	23	10	2	2	64	10	0	0	0		1	9	0	10	22	180
1054	乌磐(外)	10	0	103	74	0	0	0		2	2	49	40	2	2	56	40	2	2	23	10	2	2	64	10	0	0	0		1	9	0	10	23	180
1055	翩雪(外)	10	0	103	76	0	0	0		2	2	49	40	2	2	56	40	2	2	23	10	2	2	64	10	0	0	0		1	9	0	10	25	180
1056	画熏(外)	10	0	103	75	0	0	0		2	2	49	40	2	2	56	40	2	2	23	10	2	2	64	10	0	0	0		1	9	0	10	24	180
1057	七神衣(外)	5	0	100	73	0	0	0		2	2	49	40	2	2	56	40	2	2	23	10	2	2	64	10	0	0	0		1	9	0	10	22	180
1058	龙鳞乌金甲(外)	5	0	100	74	0	0	0		2	2	49	40	2	2	56	40	2	2	23	10	2	2	64	10	0	0	0		1	9	0	10	23	180
1059	盈舞羽裳(外)	5	0	100	76	0	0	0		2	2	49	40	2	2	56	40	2	2	23	10	2	2	64	10	0	0	0		1	9	0	10	25	180
1060	绿萦羽衣(外)	5	0	100	75	0	0	0		2	2	49	40	2	2	56	40	2	2	23	10	2	2	64	10	0	0	0		1	9	0	10	24	180
1061	楚歌(外)	9	0	101	73	0	0	0		2	2	49	40	2	2	56	40	2	2	23	10	2	2	64	10	0	0	0		1	9	0	10	22	180
1062	擎苍(外)	9	0	101	74	0	0	0		2	2	49	40	2	2	56	40	2	2	23	10	2	2	64	10	0	0	0		1	9	0	10	23	180
1063	寒渡(外)	9	0	101	76	0	0	0		2	2	49	40	2	2	56	40	2	2	23	10	2	2	64	10	0	0	0		1	9	0	10	25	180
1064	扶翠(外)	9	0	101	75	0	0	0		2	2	49	40	2	2	56	40	2	2	23	10	2	2	64	10	0	0	0		1	9	0	10	24	180
1065	陆离	10	0	103	81	0	0	0		2	2	50	40	2	2	100	40	2	2	23	10	2	2	64	20	0	0	0		1	10	0	10	22	180
1066	蜀鬼	10	0	103	82	0	0	0		2	2	50	40	2	2	100	40	2	2	23	10	2	2	64	20	0	0	0		1	10	0	10	23	180
1067	黯月	10	0	103	84	0	0	0		2	2	50	40	2	2	100	40	2	2	23	10	2	2	64	20	0	0	0		1	10	0	10	25	180
1068	赋雨	10	0	103	83	0	0	0		2	2	50	40	2	2	100	40	2	2	23	10	2	2	64	20	0	0	0		1	10	0	10	24	180
1069	素银袍	5	0	100	81	0	0	0		2	2	50	40	2	2	100	40	2	2	23	10	2	2	64	20	0	0	0		1	10	0	10	22	180
1070	赤炼甲衣	5	0	100	82	0	0	0		2	2	50	40	2	2	100	40	2	2	23	10	2	2	64	20	0	0	0		1	10	0	10	23	180
1071	黛烟霓裳	5	0	100	84	0	0	0		2	2	50	40	2	2	100	40	2	2	23	10	2	2	64	20	0	0	0		1	10	0	10	25	180
1072	玉梭羽衣	5	0	100	83	0	0	0		2	2	50	40	2	2	100	40	2	2	23	10	2	2	64	20	0	0	0		1	10	0	10	24	180
1073	逝云	9	0	101	81	0	0	0		2	2	50	40	2	2	100	40	2	2	23	10	2	2	64	20	0	0	0		1	10	0	10	22	180
1074	悬霄	9	0	101	82	0	0	0		2	2	50	40	2	2	100	40	2	2	23	10	2	2	64	20	0	0	0		1	10	0	10	23	180
1075	夜歌	9	0	101	84	0	0	0		2	2	50	40	2	2	100	40	2	2	23	10	2	2	64	20	0	0	0		1	10	0	10	25	180
1076	溪云	9	0	101	83	0	0	0		2	2	50	40	2	2	100	40	2	2	23	10	2	2	64	20	0	0	0		1	10	0	10	24	180
1077	玄羽(内)	10	0	103	77	0	0	0		2	2	49	40	2	2	56	40	2	2	23	10	2	2	64	10	0	0	0		1	9	0	10	22	180
1078	九婴(内)	10	0	103	78	0	0	0		2	2	49	40	2	2	56	40	2	2	23	10	2	2	64	10	0	0	0		1	9	0	10	23	180
1079	烟萝(内)	10	0	103	80	0	0	0		2	2	49	40	2	2	56	40	2	2	23	10	2	2	64	10	0	0	0		1	9	0	10	25	180
1080	嫣花(内)	10	0	103	79	0	0	0		2	2	49	40	2	2	56	40	2	2	23	10	2	2	64	10	0	0	0		1	9	0	10	24	180
1081	绛紫袍(内)	5	0	100	77	0	0	0		2	2	49	40	2	2	56	40	2	2	23	10	2	2	64	10	0	0	0		1	9	0	10	22	180
1082	金甲衣(内)	5	0	100	78	0	0	0		2	2	49	40	2	2	56	40	2	2	23	10	2	2	64	10	0	0	0		1	9	0	10	23	180
1083	凤羽霓纱(内)	5	0	100	80	0	0	0		2	2	49	40	2	2	56	40	2	2	23	10	2	2	64	10	0	0	0		1	9	0	10	25	180
1084	双黛羽裳(内)	5	0	100	79	0	0	0		2	2	49	40	2	2	56	40	2	2	23	10	2	2	64	10	0	0	0		1	9	0	10	24	180
1085	定墨(内)	9	0	101	77	0	0	0		2	2	49	40	2	2	56	40	2	2	23	10	2	2	64	10	0	0	0		1	9	0	10	22	180
1086	腾玉(内)	9	0	101	78	0	0	0		2	2	49	40	2	2	56	40	2	2	23	10	2	2	64	10	0	0	0		1	9	0	10	23	180
1087	星岚(内)	9	0	101	80	0	0	0		2	2	49	40	2	2	56	40	2	2	23	10	2	2	64	10	0	0	0		1	9	0	10	25	180
1088	雨幕(内)	9	0	101	79	0	0	0		2	2	49	40	2	2	56	40	2	2	23	10	2	2	64	10	0	0	0		1	9	0	10	24	180

1090	on Tiu 	4	0	12	1	0	0	0		2	2	1	4	2	2	41	4	2	2	59	1	0	0	0		0	0	0		1	1	0	4	60	180	0	1
1091	Mc Tiu	4	0	12	2	0	0	0		2	2	1	4	2	2	41	4	2	2	59	2	0	0	0		0	0	0		1	1	0	4	60	180	0	1
1092	Trc Tiu 	4	0	12	3	0	0	0		2	2	2	4	2	2	42	4	2	2	27	1	2	2	59	3	0	0	0		1	2	0	4	60	180	0	1
1093	Mc Tiu 	4	0	12	4	0	0	0		2	2	2	4	2	2	42	4	2	2	27	1	2	2	59	4	0	0	0		1	2	0	4	60	180	0	1
1094	Tt Tiu	4	0	12	5	0	0	0		2	8	5	4	2	2	43	4	2	2	27	1	2	2	60	1	0	0	0		1	3	0	6	60	180	0	1
1095	уng Tiu	4	0	12	6	0	0	0		2	2	4	4	2	2	44	4	2	2	57	1	2	2	60	2	0	0	0		1	4	0	6	60	180	0	1
1096	Gic Thch	4	0	12	7	0	0	0		2	2	4	4	2	2	44	4	2	2	57	1	2	2	60	3	0	0	0		1	4	0	8	60	180	0	1
1097	Lam Linh	4	0	12	8	0	0	0		2	2	5	5	2	2	45	5	2	2	57	1	2	2	60	5	0	0	0		1	5	0	8	60	180	0	1
1098	Huyn Hng	4	0	12	9	0	0	0		2	2	5	5	2	2	45	5	2	2	57	1	2	2	61	2	0	0	0		1	5	0	8	60	180	0	1
1099	Thy Ngc	4	0	12	10	0	0	0		2	2	6	5	2	2	9	5	2	2	58	1	2	2	61	3	0	0	0		1	6	0	8	60	180	0	1
1100	Ngn Ti	4	0	12	11	0	0	0		2	2	36	6	2	2	10	6	2	2	58	1	2	2	61	4	0	0	0		1	7	0	8	60	180	0	1
1101	Minh Bng	4	0	12	12	0	0	0		2	2	37	40	2	2	11	40	2	2	58	10	2	2	61	4	0	0	0		1	8	0	8	60	180	0	1
1102	Bch V?4	0	13	1	0	0	0		2	2	1	4	2	2	41	4	2	2	59	1	0	0	0		0	0	0		1	1	0	4	61	180	0	1
1103	Nhn V?4	0	13	2	0	0	0		2	2	1	4	2	2	41	4	2	2	59	2	0	0	0		0	0	0		1	1	0	4	61	180	0	1
1104	Bch Ngc	4	0	13	3	0	0	0		2	2	2	4	2	2	42	4	2	2	27	1	2	2	59	3	0	0	0		1	2	0	4	61	180	0	1
1105	Hoa hng	4	0	13	4	0	0	0		2	2	2	4	2	2	42	4	2	2	27	1	2	2	59	4	0	0	0		1	2	0	4	61	180	0	1
1106	Уo Chi	4	0	13	5	0	0	0		2	8	5	4	2	2	43	4	2	2	27	1	2	2	60	1	0	0	0		1	3	0	6	61	180	0	1
1107	Tc V?4	0	13	6	0	0	0		2	2	4	4	2	2	44	4	2	2	57	1	2	2	60	2	0	0	0		1	4	0	6	61	180	0	1
1108	Ngn Lng	4	0	13	7	0	0	0		2	2	4	4	2	2	44	4	2	2	57	1	2	2	60	3	0	0	0		1	4	0	8	61	180	0	1
1109	Kim Mng	4	0	13	8	0	0	0		2	2	5	5	2	2	45	5	2	2	57	1	2	2	60	5	0	0	0		1	5	0	8	61	180	0	1
1110	Tiu Hn	4	0	13	9	0	0	0		2	2	5	5	2	2	45	5	2	2	57	1	2	2	61	2	0	0	0		1	5	0	8	61	180	0	1
1111	Tuyt Hn	4	0	13	10	0	0	0		2	2	6	5	2	2	9	5	2	2	58	1	2	2	61	3	0	0	0		1	6	0	8	61	180	0	1
1112	ip Thy	4	0	13	11	0	0	0		2	2	36	6	2	2	10	6	2	2	58	1	2	2	61	4	0	0	0		1	7	0	8	61	180	0	1
1113	Ngc Doanh	4	0	13	12	0	0	0		2	2	37	40	2	2	11	40	2	2	58	10	2	2	61	4	0	0	0		1	8	0	8	61	180	0	1

1114	Linh у Thiu Lm ao	3	0	3	30207	0	0	0		2	2	38	10	2	2	12	10	2	1	30670	10	2	1	30680	20	0	0	0		0	9	0	24	62	180	1	1
1115	Linh у Thiu Lm Trng	2	0	8	30208	0	0	0		2	2	38	10	2	2	12	10	2	1	30670	10	2	1	30680	20	0	0	0		0	9	0	24	62	180	1	1
1116	Linh у Thiu Lm Th?3	0	0	30209	0	0	0		2	2	38	10	2	2	12	10	2	1	30670	10	2	1	30680	20	0	0	0		0	9	0	24	62	180	1	1
1117	Linh у Лng Mn Chm	4	0	1	30210	0	0	0		2	2	38	10	2	2	12	10	2	1	30670	10	2	1	30680	20	0	0	0		0	9	0	24	62	180	1	1
1118	Linh у Nga My Kim	3	0	2	30211	0	0	0		2	2	38	10	2	2	12	10	2	1	30670	10	2	1	30680	20	0	0	0		0	9	0	24	62	180	1	1
1119	Linh у Nga My Уn	4	0	10	30212	0	0	0		2	2	38	10	2	2	12	10	2	1	30670	10	2	1	30680	20	0	0	0		0	9	0	24	62	180	1	1
1120	Linh у Ci Bang Th?3	0	0	30213	0	0	0		2	2	38	10	2	2	12	10	2	1	30670	10	2	1	30680	20	0	0	0		0	9	0	24	62	180	1	1
1121	Linh у Ci Bang Cn	2	0	5	30214	0	0	0		2	2	38	10	2	2	12	10	2	1	30670	10	2	1	30680	20	0	0	0		0	9	0	24	62	180	1	1
1122	Linh у V?ang Kim	3	0	2	30215	0	0	0		2	2	38	10	2	2	12	10	2	1	30670	10	2	1	30680	20	0	0	0		0	9	0	24	62	180	1	1
1123	Linh у V?ang Bt	4	0	9	30216	0	0	0		2	2	38	10	2	2	12	10	2	1	30670	10	2	1	30680	20	0	0	0		0	9	0	24	62	180	1	1
1124	Linh у Dng Mn Thng	2	0	6	30217	0	0	0		2	2	38	10	2	2	12	10	2	1	30670	10	2	1	30680	20	0	0	0		0	9	0	24	62	180	1	1
1125	Linh у Dng Mn Cung	4	0	4	30218	0	0	0		2	2	38	10	2	2	12	10	2	1	30670	10	2	1	30680	20	0	0	0		0	9	0	24	62	180	1	1
1126	Linh у Ng?чc ao	3	0	7	30219	0	0	0		2	2	38	10	2	2	12	10	2	1	30670	10	2	1	30680	20	0	0	0		0	9	0	24	62	180	1	1
1127	Linh у Ng?чc Tro	4	0	11	30220	0	0	0		2	2	38	10	2	2	12	10	2	1	30670	10	2	1	30680	20	0	0	0		0	9	0	24	62	180	1	1
1128	Linh у Cn Ln Kim	3	0	2	30221	0	0	0		2	2	38	10	2	2	12	10	2	1	30670	10	2	1	30680	20	0	0	0		0	9	0	24	62	180	1	1
1129	Linh у Thy Yn Phin	4	0	13	30222	0	0	0		2	2	38	10	2	2	12	10	2	1	30670	10	2	1	30680	20	0	0	0		0	9	0	24	62	180	1	1
1130	Linh у Thy Yn мch	4	0	12	30223	0	0	0		2	2	38	10	2	2	12	10	2	1	30670	10	2	1	30680	20	0	0	0		0	9	0	24	62	180	1	1

1131	Linh у Mo	10	0	103	30235	0	0	0		2	2	49	10	2	2	56	10	2	1	30671	10	2	1	30680	20	0	0	0		0	9	0	24	64	180	1	1
1132	Linh у Mo	10	0	103	30236	0	0	0		2	2	49	10	2	2	56	10	2	1	30671	10	2	1	30680	20	0	0	0		0	9	0	24	64	180	1	1
1133	Linh у Mo	10	0	103	30237	0	0	0		2	2	49	10	2	2	56	10	2	1	30671	10	2	1	30680	20	0	0	0		0	9	0	24	64	180	1	1
1134	Linh у Mo	10	0	103	30238	0	0	0		2	2	49	10	2	2	56	10	2	1	30671	10	2	1	30680	20	0	0	0		0	9	0	24	64	180	1	1
1135	Linh у Y	5	0	100	30235	0	0	0		2	2	49	10	2	2	56	10	2	1	30671	10	2	1	30680	20	0	0	0		0	9	0	24	65	180	1	1
1136	Linh у Y	5	0	100	30236	0	0	0		2	2	49	10	2	2	56	10	2	1	30671	10	2	1	30680	20	0	0	0		0	9	0	24	65	180	1	1
1137	Linh у Y	5	0	100	30237	0	0	0		2	2	49	10	2	2	56	10	2	1	30671	10	2	1	30680	20	0	0	0		0	9	0	24	65	180	1	1
1138	Linh у Y	5	0	100	30238	0	0	0		2	2	49	10	2	2	56	10	2	1	30671	10	2	1	30680	20	0	0	0		0	9	0	24	65	180	1	1
1139	Linh у Trang (St thng)	9	0	101	30235	0	0	0		2	2	49	10	2	2	56	10	2	1	30671	10	2	1	30680	20	0	0	0		0	9	0	24	66	180	1	1
1140	Linh у Trang (St thng)	9	0	101	30236	0	0	0		2	2	49	10	2	2	56	10	2	1	30671	10	2	1	30680	20	0	0	0		0	9	0	24	66	180	1	1
1141	Linh у Trang (St thng)	9	0	101	30237	0	0	0		2	2	49	10	2	2	56	10	2	1	30671	10	2	1	30680	20	0	0	0		0	9	0	24	66	180	1	1
1142	Linh у Trang (St thng)	9	0	101	30238	0	0	0		2	2	49	10	2	2	56	10	2	1	30671	10	2	1	30680	20	0	0	0		0	9	0	24	66	180	1	1
1143	Linh у Trang  (Ngoi cng)	9	0	101	30239	0	0	0		2	2	49	10	2	2	56	10	2	1	30671	10	2	1	30680	20	0	0	0		0	9	0	24	66	180	1	1
1144	Linh у Trang  (Ngoi cng)	9	0	101	30240	0	0	0		2	2	49	10	2	2	56	10	2	1	30671	10	2	1	30680	20	0	0	0		0	9	0	24	66	180	1	1
1145	Linh у Trang  (Ngoi cng)	9	0	101	30241	0	0	0		2	2	49	10	2	2	56	10	2	1	30671	10	2	1	30680	20	0	0	0		0	9	0	24	66	180	1	1
1146	Linh у Trang  (Ngoi cng)	9	0	101	30242	0	0	0		2	2	49	10	2	2	56	10	2	1	30671	10	2	1	30680	20	0	0	0		0	9	0	24	66	180	1	1
1147	Linh у Trang (Ni kch)	9	0	101	30243	0	0	0		2	2	49	10	2	2	56	10	2	1	30671	10	2	1	30680	20	0	0	0		0	9	0	24	66	180	1	1
1148	Linh у Trang (Ni kch)	9	0	101	30244	0	0	0		2	2	49	10	2	2	56	10	2	1	30671	10	2	1	30680	20	0	0	0		0	9	0	24	66	180	1	1
1149	Linh у Trang (Ni kch)	9	0	101	30245	0	0	0		2	2	49	10	2	2	56	10	2	1	30671	10	2	1	30680	20	0	0	0		0	9	0	24	66	180	1	1
1150	Linh у Trang (Ni kch)	9	0	101	30246	0	0	0		2	2	49	10	2	2	56	10	2	1	30671	10	2	1	30680	20	0	0	0		0	9	0	24	66	180	1	1
